16,BEGIN,1
16,641,4,5,6
16,END,1
