200,IAM,1,9A52,1
120,BEGIN,1
120,25,1,2,
120,2,1,1
120,20,1,1,1,1,1,1,1,1,1,1,1,1,1,1,
120,20,2,1,1,1,1,1,1,1,1,1,1,1,1,1,
120,1,1,1
120,END,1,5412
80,BEGIN,1
80,0,4
80,1,1,1,99
80,2,10,0,5,5,0
80,3,Maintenance due
80,4,Front Server
80,6,0
80,7,9A52,9A26,0-00
80,8,3,0,1
80,9,0
80,10,0
80,11,0
80,12,3333,4444
80,14,1
80,15,120
80,16,1,L:1    
80,16,2,L:2    
80,16,3,L:3    
80,16,4,       
80,16,5,       
80,16,6,       
80,16,7,       
80,16,8,       
80,16,9,System 
80,16,10,A-Bus 1
80,16,11,A-Bus 1
80,END,1,18043
17,BEGIN,1
17,1,IG TEST DETECTOR,0,1,2,3,4,
17,2,IG AREA 1      ,0,1,2,3,4,
17,3,IG AREA 2      ,0,1,2,3,4,
17,4,IG AREA 3      ,0,1,2,3,4,
17,5,IG AREA 4      ,0,1,2,3,4,
17,6,IG AREA 5      ,0,1,2,3,4,
17,7,MONITORED IP   ,0,1,3,4,
17,END,1,11812
18,BEGIN,1
18,1,AREA 1/2 PAXTON,0,1,2,3,4,
18,2,BEACONS AREA 1 ,0,1,2,3,4,
18,3,BEACONS AREA 2 ,0,1,2,3,4,
18,4,BEACONS AREA 3 ,0,1,2,3,4,
18,5,BEACONS AREA 4 ,0,1,2,3,4,
18,6,BEACONS AREA 5 ,0,1,2,3,4,
18,7,VA EVAC AREA 1 ,0,1,2,3,4,
18,8,VA EVAC AREA 2 ,0,1,2,3,4,
18,9,VA EVAC AREA 3 ,0,1,2,3,4,
18,10,VA EVAC AREA 4 ,0,1,2,3,4,
18,11,VA EVAC AREA 5 ,0,1,2,3,4,
18,12,VA ALERT AREA 1,0,1,2,3,4,
18,13,VA ALERT AREA 2,0,1,2,3,4,
18,14,VA ALERT AREA 3,0,1,2,3,4,
18,15,VA ALERT AREA 4,0,1,2,3,4,
18,16,VA ALERT AREA 5,0,1,2,3,4,
18,17,REDCARE        ,0,1,2,3,4,
18,18,EXT.FRONT GATE ,0,1,2,3,4,
18,19,MAIN OFF.DOORS ,0,1,2,3,4,
18,20,LIFT           ,0,1,2,3,4,
18,21,MEET RM SPEAKERS,0,1,2,3,4,
18,22,AREA 1 PAXTON  ,0,1,2,3,4,
18,23,AREA 2 PAXTON  ,0,1,2,3,4,
18,24,AREA 3 PAXTON  ,0,1,2,3,4,
18,25,AREA 4 PAXTON  ,0,1,2,3,4,
18,26,AREA 5 PAXTON  ,0,1,2,3,4,
18,27,AIR CON.       ,0,1,2,3,4,
18,28,VOICE SOUNDER A5,0,1,2,3,4,
18,END,1,49770
19,BEGIN,1
19,641,PAXTON AREA 1&2,0,1,2,3,4,
19,642,GLOBAL FIRE    ,0,1,2,3,4,
19,643,ALL EVAC MSGS  ,0,1,2,3,4,
19,644,ALL DOORS      ,0,1,2,3,4,
19,645,ALL BEACONS    ,0,1,2,3,4,
19,END,1,9617
81,BEGIN,1
81,0,Normal         ,0,1,2,3,4,
81,END,1,2304
90,BEGIN,1
90,0,""
90,END,1,929
100,BEGIN,1
100,1,MAIN PRODUCTIO     ,0,1,2,3,4,
100,2,REAR PRODUCTIO     ,0,1,2,3,4,
100,3,PROD. STAIR 1      ,0,1,2,3,4,
100,4,PROD. STAIR 2      ,0,1,2,3,4,
100,5,GROUND FLOOR       ,0,1,2,3,4,
100,6,GROUND FLOOR       ,0,1,2,3,4,
100,7,GOODS IN           ,0,1,2,3,4,
100,8,COMPONENT STOR     ,0,1,2,3,4,
100,9,GROUND FLOOR       ,0,1,2,3,4,
100,10,GROUND FLOOR       ,0,1,2,3,4,
100,11,WAREHOUSE          ,0,1,2,3,4,
100,12,PRODUCTION VOI     ,0,1,2,3,4,
100,13,1ST FLOOR          ,0,1,2,3,4,
100,14,1ST FLOOR          ,0,1,2,3,4,
100,15,1ST FLOOR          ,0,1,2,3,4,
100,16,SALES STAIR        ,0,1,2,3,4,
100,17,EXIT STAIR/ LI     ,0,1,2,3,4,
100,18,GROUND FLOOR       ,0,1,2,3,4,
100,19,LIFT SHAFT         ,0,1,2,3,4,
100,20,GROUND FLOOR       ,0,1,2,3,4,
100,21,GROUND FLOOR       ,0,1,2,3,4,
100,22,SERVICE PLENUM     ,0,1,2,3,4,
100,23,RECEPTION AREA     ,0,1,2,3,4,
100,24,GROUND FLOOR       ,0,1,2,3,4,
100,25,1ST FLR OFFICE     ,0,1,2,3,4,
100,26,1ST FLR STORE      ,0,1,2,3,4,
100,27,DRIVERS WC         ,0,1,2,3,4,
100,28,WAREHOUSE BAY2     ,0,1,2,3,4,
100,29,Zone 29            ,0,1,2,3,4,
100,30,Zone 30            ,0,1,2,3,4,
100,31,Zone 31            ,0,1,2,3,4,
100,32,Zone 32            ,0,1,2,3,4,
100,33,Zone 33            ,0,1,2,3,4,
100,34,Zone 34            ,0,1,2,3,4,
100,35,Zone 35            ,0,1,2,3,4,
100,36,Zone 36            ,0,1,2,3,4,
100,37,Zone 37            ,0,1,2,3,4,
100,38,Zone 38            ,0,1,2,3,4,
100,39,Zone 39            ,0,1,2,3,4,
100,40,Zone 40            ,0,1,2,3,4,
100,END,1,11757
151,BEGIN,1
151,641,ANY INPUT DEVICE,0,1,2,3,4,
151,END,1,2731
152,BEGIN,1
152,0,RESET          ,0,1,2,
152,1,ON             ,0,1,2,
152,2,Simple Pulse   ,0,1,2,
152,3,5 mins->ON     ,0,1,2,
152,END,1,6724
153,BEGIN,1
153,0,Default        ,0,1,2,
153,END,1,2267
160,BEGIN,1
160,END,1,658
20,BEGIN,1
20,9,1,258,206,1,64,0,0,6,0,0,0,0,0,0,0,0,0,0,0,0,0,0,0,0,0,0,0,0,0,0,0,0
20,9,2,258,206,1,64,0,0,6,1,0,0,0,0,0,0,0,0,0,0,0,0,0,0,0,0,0,0,0,0,0,0,0
20,9,3,259,206,1,64,0,0,6,0,0,0,0,0,0,0,0,0,0,0,0,0,0,0,0,0,0,0,0,0,0,0,0
20,9,4,259,206,1,64,0,0,6,1,0,0,0,0,0,0,0,0,0,0,0,0,0,0,0,0,0,0,0,0,0,0,0
20,9,5,267,205,0,0,0,0,4,0,0,1,0,0,0,0,0,0,0,0,0,0,0,0,0,0,0,0,0,0,0,0,32
20,9,6,257,206,0,0,0,0,0,0,0,0,0,0,0,0,0,0,0,0,0,0,0,0,0,0,0,0,0,0,0,32,0
20,9,7,262,0,0,0,0,0,6,0,0,0,0,0,0,0,0,0,0,0,0,0,0,0,0,0,0,0,0,0,0,32,0
20,9,8,263,206,0,0,0,0,6,0,0,0,0,0,0,0,0,0,0,0,0,0,0,0,0,0,0,0,0,0,0,32,0
20,9,9,264,205,0,0,0,0,4,0,0,0,0,0,0,0,0,0,0,0,0,0,0,0,0,0,0,0,0,0,0,32,0
20,9,10,265,205,0,0,0,0,1,0,0,0,0,0,0,0,0,0,0,0,0,0,0,0,0,0,0,0,0,0,0,32,0
20,9,11,274,205,0,0,0,0,4,0,0,0,0,0,0,0,0,0,0,0,0,0,0,0,0,0,0,0,0,0,0,32,0
20,9,12,278,206,7,0,0,0,4,0,100,0,0,0,0,0,0,0,0,0,0,0,0,0,0,0,0,0,0,0,0,0,0
20,9,13,278,206,7,0,0,0,4,1,100,0,0,0,0,0,0,0,0,0,0,0,0,0,0,0,0,0,0,0,0,0,0
20,9,14,278,206,0,0,0,0,4,2,100,0,0,0,0,0,0,0,0,0,0,0,0,0,0,0,0,0,0,0,0,0,0
20,9,15,278,206,0,0,0,0,4,3,100,0,0,0,0,0,0,0,0,0,0,0,0,0,0,0,0,0,0,0,0,0,0
20,9,16,281,206,0,0,0,0,0,2,1,0,250,0,5,0,0,0,0,0,0,0,0,0,0,0,0,0,0,0,0,0,0
20,1,1,20,21,0,2,0,0,64,0,0,0,0,1,6,100,100,100,100,0,0,0,0,0,0,0,0,0,0,0,0,0,0
20,1,2,20,21,0,2,0,0,64,0,0,0,0,1,6,100,100,100,100,0,0,0,0,0,0,0,0,0,0,0,0,0,0
20,1,3,20,22,0,2,0,0,64,0,0,0,0,1,6,100,100,100,100,0,0,0,0,0,0,0,0,0,0,0,0,0,0
20,1,4,20,21,0,2,0,0,64,0,0,0,0,1,6,100,100,100,100,0,0,0,0,0,0,0,0,0,0,0,0,0,0
20,1,5,20,21,0,2,0,0,64,0,0,0,0,1,6,100,100,100,100,0,0,0,0,0,0,0,0,0,0,0,0,0,0
20,1,6,8,21,1,1,1,22,64,0,0,0,0,0,0,0,0,0,0,0,0,0,0,6,0,0,0,0,0,0,0,0,0
20,1,7,20,23,0,2,0,0,64,0,0,0,0,1,6,100,100,100,100,0,0,0,0,0,0,0,0,0,0,0,0,0,0
20,1,8,20,22,0,2,0,0,64,0,0,0,0,1,6,100,100,100,100,0,0,0,0,0,0,0,0,0,0,0,0,0,0
20,1,9,20,23,0,2,0,0,64,0,0,0,0,1,6,100,100,100,100,0,0,0,0,0,0,0,0,0,0,0,0,0,0
20,1,10,31,23,2,0,0,0,1,0,0,0,0,0,0,0,0,0,0,0,0,0,0,0,0,0,0,0,0,0,0,0,0
20,1,11,20,23,0,2,0,0,64,0,0,0,0,1,6,100,100,100,100,0,0,0,0,0,0,0,0,0,0,0,0,0,0
20,1,12,20,23,0,2,0,0,64,0,0,0,0,1,6,100,100,100,100,0,0,0,0,0,0,0,0,0,0,0,0,0,0
20,1,13,20,23,0,2,0,0,64,0,0,0,0,1,6,100,100,100,100,0,0,0,0,0,0,0,0,0,0,0,0,0,0
20,1,14,20,23,0,2,0,0,64,0,0,0,0,1,6,100,100,100,100,0,0,0,0,0,0,0,0,0,0,0,0,0,0
20,1,15,31,23,2,0,0,0,1,0,0,0,0,0,0,0,0,0,0,0,0,0,0,0,0,0,0,0,0,0,0,0,0
20,1,16,8,23,1,1,1,22,64,0,0,0,0,0,0,0,0,0,0,0,0,0,0,6,0,0,0,0,0,0,0,0,0
20,1,17,20,23,0,2,0,0,64,0,0,0,0,1,6,100,100,100,100,0,0,0,0,0,0,0,0,0,0,0,0,0,0
20,1,19,24,18,0,2,0,0,64,0,0,0,0,1,6,100,100,100,100,0,0,0,0,0,0,0,0,0,0,0,0,0,0
20,1,20,24,23,0,2,0,0,64,0,0,0,0,1,6,100,100,100,100,0,0,0,0,0,0,0,0,0,0,0,0,0,0
20,1,21,31,18,2,0,0,0,1,0,0,0,0,0,0,0,0,0,0,0,0,0,0,0,0,0,0,0,0,0,0,0,0
20,1,22,20,21,0,2,0,0,64,0,0,0,0,1,6,100,100,100,100,0,0,0,0,0,0,0,0,0,0,0,0,0,0
20,1,23,20,21,0,2,0,0,64,0,0,0,0,1,6,100,100,100,100,0,0,0,0,0,0,0,0,0,0,0,0,0,0
20,1,24,8,21,1,1,1,1,64,0,0,0,0,0,0,0,0,0,0,0,0,0,0,6,0,0,0,0,0,0,0,0,0
20,1,25,48,21,0,0,64,2,72,0,0,0,0,6,6,113,113,113,113,0,0,0,0,0,0,0,0,0,0,0,0,0,0
20,1,26,20,21,0,2,0,0,64,0,0,0,0,1,6,100,100,100,100,0,0,0,0,0,0,0,0,0,0,0,0,0,0
20,1,27,20,21,0,2,0,0,64,0,0,0,0,1,6,100,100,100,100,0,0,0,0,0,0,0,0,0,0,0,0,0,0
20,1,28,48,21,0,0,64,2,72,0,0,0,0,6,6,113,113,113,113,0,0,0,0,0,0,0,0,0,0,0,0,0,0
20,1,29,24,24,0,2,0,0,64,0,0,0,0,1,6,100,100,100,100,0,0,0,0,0,0,0,0,0,0,0,0,0,0
20,1,30,31,24,2,0,0,0,1,0,0,0,0,0,0,0,0,0,0,0,0,0,0,0,0,0,0,0,0,0,0,0,0
20,1,31,20,21,0,2,0,0,64,0,0,0,0,1,6,100,100,100,100,0,0,0,0,0,0,0,0,0,0,0,0,0,0
20,1,32,20,21,0,2,0,0,64,0,0,0,0,1,6,100,100,100,100,0,0,0,0,0,0,0,0,0,0,0,0,0,0
20,1,33,20,21,0,2,0,0,64,0,0,0,0,1,6,100,100,100,100,0,0,0,0,0,0,0,0,0,0,0,0,0,0
20,1,34,31,20,2,0,0,0,1,0,0,0,0,0,0,0,0,0,0,0,0,0,0,0,0,0,0,0,0,0,0,0,0
20,1,35,20,21,0,2,0,0,64,0,0,0,0,1,6,100,100,100,100,0,0,0,0,0,0,0,0,0,0,0,0,0,0
20,1,36,31,21,2,0,0,0,1,0,0,0,0,0,0,0,0,0,0,0,0,0,0,0,0,0,0,0,0,0,0,0,0
20,1,37,20,16,0,2,0,0,64,0,0,0,0,1,6,100,100,100,100,0,0,0,0,0,0,0,0,0,0,0,0,0,0
20,1,38,20,22,0,2,0,0,64,0,0,0,0,1,6,100,100,100,100,0,0,0,0,0,0,0,0,0,0,0,0,0,0
20,1,39,20,22,0,2,0,0,64,0,0,0,0,1,6,100,100,100,100,0,0,0,0,0,0,0,0,0,0,0,0,0,0
20,1,40,20,20,0,2,0,0,64,0,0,0,0,1,6,100,100,100,100,0,0,0,0,0,0,0,0,0,0,0,0,0,0
20,1,41,8,21,1,1,1,21,64,0,0,0,0,0,0,0,0,0,0,0,0,0,0,6,0,0,0,0,0,0,0,0,0
20,1,42,8,17,1,1,1,18,64,0,0,0,0,0,0,0,0,0,0,0,0,0,0,6,0,0,0,0,0,0,0,0,0
20,1,43,8,21,1,1,1,21,64,0,0,0,0,0,0,0,0,0,0,0,0,0,0,6,0,0,0,0,0,0,0,0,0
20,1,44,8,21,1,1,1,21,64,0,0,0,0,0,0,0,0,0,0,0,0,0,0,6,0,0,0,0,0,0,0,0,0
20,1,45,8,21,0,0,0,22,64,0,0,0,0,0,0,0,0,0,0,0,0,0,0,6,0,0,0,0,0,0,0,0,0
20,1,46,20,21,0,2,0,0,64,0,0,0,0,1,6,100,100,100,100,0,0,0,0,0,0,0,0,0,0,0,0,0,0
20,1,47,20,21,0,2,0,0,64,0,0,0,0,1,6,100,100,100,100,0,0,0,0,0,0,0,0,0,0,0,0,0,0
20,1,48,48,23,0,0,64,2,72,0,0,0,0,6,6,113,113,113,113,0,0,0,0,0,0,0,0,0,0,0,0,0,0
20,1,49,48,23,0,0,64,2,72,0,0,0,0,6,6,113,113,113,113,0,0,0,0,0,0,0,0,0,0,0,0,0,0
20,1,50,48,23,0,0,64,2,72,0,0,0,0,6,6,113,113,113,113,0,0,0,0,0,0,0,0,0,0,0,0,0,0
20,1,115,8,20,0,0,0,12,64,0,0,0,0,0,0,0,0,0,0,0,0,0,0,6,0,0,0,0,0,0,0,0,0
20,1,116,8,20,0,0,0,15,64,0,0,0,0,0,0,0,0,0,0,0,0,0,0,6,0,0,0,0,0,0,0,0,0
20,1,117,8,20,0,0,0,16,64,0,0,0,0,0,0,0,0,0,0,0,0,0,0,6,0,0,0,0,0,0,0,0,0
20,1,118,8,20,0,0,0,13,64,0,0,0,0,0,0,0,0,0,0,0,0,0,0,6,0,0,0,0,0,0,0,0,0
20,1,119,8,20,0,0,0,14,64,0,0,0,0,0,0,0,0,0,0,0,0,0,0,6,0,0,0,0,0,0,0,0,0
20,1,120,8,20,0,0,0,14,64,0,0,0,0,0,0,0,0,0,0,0,0,0,0,6,0,0,0,0,0,0,0,0,0
20,1,121,8,20,0,0,0,7,64,0,0,0,0,0,0,0,0,0,0,0,0,0,0,6,0,0,0,0,0,0,0,0,0
20,1,122,8,20,0,0,0,10,64,0,0,0,0,0,0,0,0,0,0,0,0,0,0,6,0,0,0,0,0,0,0,0,0
20,1,123,8,20,0,0,0,11,64,0,0,0,0,0,0,0,0,0,0,0,0,0,0,6,0,0,0,0,0,0,0,0,0
20,1,124,8,20,0,0,0,8,64,0,0,0,0,0,0,0,0,0,0,0,0,0,0,6,0,0,0,0,0,0,0,0,0
20,1,125,8,20,0,0,0,9,64,0,0,0,0,0,0,0,0,0,0,0,0,0,0,6,0,0,0,0,0,0,0,0,0
20,1,126,8,20,0,0,0,9,64,0,0,0,0,0,0,0,0,0,0,0,0,0,0,6,0,0,0,0,0,0,0,0,0
20,2,1,20,25,0,2,0,0,64,0,0,0,0,1,6,100,100,100,100,0,0,0,0,0,0,0,0,0,0,0,0,0,0
20,2,2,20,25,0,2,0,0,64,0,0,0,0,1,6,100,100,100,100,0,0,0,0,0,0,0,0,0,0,0,0,0,0
20,2,3,20,25,0,2,0,0,64,0,0,0,0,1,6,100,100,100,100,0,0,0,0,0,0,0,0,0,0,0,128,0,0
20,2,4,20,26,0,2,0,0,64,0,0,0,0,1,6,100,100,100,100,0,0,0,0,0,0,0,0,0,0,0,0,0,0
20,2,5,48,25,0,0,64,2,72,0,0,0,0,6,6,113,113,113,113,0,0,0,0,0,0,0,0,0,0,0,0,0,0
20,2,6,48,25,0,0,64,2,72,0,0,0,0,6,6,113,113,113,113,0,0,0,0,0,0,0,0,0,0,0,0,0,0
20,2,7,20,25,0,2,0,0,64,0,0,0,0,1,6,100,100,100,100,0,0,0,0,0,0,0,0,0,0,0,0,0,0
20,2,8,20,25,0,2,0,0,64,0,0,0,0,1,6,100,100,100,100,0,0,0,0,0,0,0,0,0,0,0,128,0,0
20,2,9,20,25,0,2,0,0,64,0,0,0,0,1,6,100,100,100,100,0,0,0,0,0,0,0,0,0,0,0,128,0,0
20,2,10,20,25,0,2,0,0,64,0,0,0,0,1,6,100,100,100,100,0,0,0,0,0,0,0,0,0,0,0,0,0,0
20,2,11,20,25,0,2,0,0,64,0,0,0,0,1,6,100,100,100,100,0,0,0,0,0,0,0,0,0,0,0,128,0,0
20,2,12,20,23,0,2,0,0,64,0,0,0,0,1,6,100,100,100,100,0,0,0,0,0,0,0,0,0,0,0,0,0,0
20,2,13,31,17,2,0,0,0,1,0,0,0,0,0,0,0,0,0,0,0,0,0,0,0,0,0,0,0,0,0,0,0,0
20,2,14,20,25,0,2,0,0,64,0,0,0,0,1,6,100,100,100,100,0,0,0,0,0,0,0,0,0,0,0,0,0,0
20,2,15,20,25,0,2,0,0,64,0,0,0,0,1,6,100,100,100,100,0,0,0,0,0,0,0,0,0,0,0,128,0,0
20,2,16,20,25,0,2,0,0,64,0,0,0,0,1,6,100,100,100,100,0,0,0,0,0,0,0,0,0,0,0,128,0,0
20,2,17,20,25,0,2,0,0,64,0,0,0,0,1,6,100,100,100,100,0,0,0,0,0,0,0,0,0,0,0,128,0,0
20,2,18,20,25,0,2,0,0,64,0,0,0,0,1,6,100,100,100,100,0,0,0,0,0,0,0,0,0,0,0,0,0,0
20,2,19,20,16,0,2,0,0,64,0,0,0,0,1,6,100,100,100,100,0,0,0,0,0,0,0,0,0,0,0,128,0,0
20,2,20,20,16,0,2,0,0,64,0,0,0,0,1,6,100,100,100,100,0,0,0,0,0,0,0,0,0,0,0,0,0,0
20,2,21,31,25,2,0,0,0,1,0,0,0,0,0,0,0,0,0,0,0,0,0,0,0,0,0,0,0,0,0,0,0,0
20,2,22,20,25,0,2,0,0,64,0,0,0,0,1,6,100,100,100,100,0,0,0,0,0,0,0,0,0,0,0,0,0,0
20,2,23,20,25,0,2,0,0,64,0,0,0,0,1,6,100,100,100,100,0,0,0,0,0,0,0,0,0,0,0,0,0,0
20,2,24,20,25,0,2,0,0,64,0,0,0,0,1,6,100,100,100,100,0,0,0,0,0,0,0,0,0,0,0,0,0,0
20,2,25,20,25,0,2,0,0,64,0,0,0,0,1,6,100,100,100,100,0,0,0,0,0,0,0,0,0,0,0,128,0,0
20,2,26,20,25,0,2,0,0,64,0,0,0,0,1,6,100,100,100,100,0,0,0,0,0,0,0,0,0,0,0,0,0,0
20,2,27,20,25,0,2,0,0,64,0,0,0,0,1,6,100,100,100,100,0,0,0,0,0,0,0,0,0,0,0,0,0,0
20,2,28,20,25,0,2,0,0,64,0,0,0,0,1,6,100,100,100,100,0,0,0,0,0,0,0,0,0,0,0,0,0,0
20,2,29,20,25,0,2,0,0,64,0,0,0,0,1,6,100,100,100,100,0,0,0,0,0,0,0,0,0,0,0,128,0,0
20,2,30,20,23,0,2,0,0,64,0,0,0,0,1,6,100,100,100,100,0,0,0,0,0,0,0,0,0,0,0,0,0,0
20,2,31,31,23,2,0,0,0,1,0,0,0,0,0,0,0,0,0,0,0,0,0,0,0,0,0,0,0,0,0,0,0,0
20,2,32,20,23,0,2,0,0,64,0,0,0,0,1,6,100,100,100,100,0,0,0,0,0,0,0,0,0,0,0,0,0,0
20,2,33,20,23,0,2,0,0,64,0,0,0,0,1,6,100,100,100,100,0,0,0,0,0,0,0,0,0,0,0,0,0,0
20,2,34,20,29,0,2,0,0,64,0,0,0,0,1,6,100,100,100,100,0,0,0,0,0,0,0,0,0,0,0,0,0,0
20,2,35,20,29,0,2,0,0,64,0,0,0,0,1,6,100,100,100,100,0,0,0,0,0,0,0,0,0,0,0,128,0,0
20,2,36,20,19,0,2,0,0,64,0,0,0,0,1,6,100,100,100,100,0,0,0,0,0,0,0,0,0,0,0,128,0,0
20,2,37,8,24,1,1,1,20,64,0,0,0,0,0,0,0,0,0,0,0,0,0,0,6,0,0,0,0,0,0,0,0,0
20,2,38,20,29,0,2,0,0,64,0,0,0,0,1,6,100,100,100,100,0,0,0,0,0,0,0,0,0,0,0,0,0,0
20,2,39,20,29,0,2,0,0,64,0,0,0,0,1,6,100,100,100,100,0,0,0,0,0,0,0,0,0,0,0,128,0,0
20,2,40,20,17,0,2,0,0,64,0,0,0,0,1,6,100,100,100,100,0,0,0,0,0,0,0,0,0,0,0,0,0,0
20,2,41,20,17,0,2,0,0,64,0,0,0,0,1,6,100,100,100,100,0,0,0,0,0,0,0,0,0,0,0,0,0,0
20,2,42,31,29,2,0,0,0,1,0,0,0,0,0,0,0,0,0,0,0,0,0,0,0,0,0,0,0,0,0,0,0,0
20,2,43,20,29,0,2,0,0,64,0,0,0,0,1,6,100,100,100,100,0,0,0,0,0,0,0,0,0,0,0,0,0,0
20,2,44,20,29,0,2,0,0,64,0,0,0,0,1,6,100,100,100,100,0,0,0,0,0,0,0,0,0,0,0,128,0,0
20,2,45,20,29,0,2,0,0,64,0,0,0,0,1,6,100,100,100,100,0,0,0,0,0,0,0,0,0,0,0,128,0,0
20,2,46,23,29,0,2,0,0,64,0,0,0,0,1,6,100,100,100,100,0,0,0,0,0,0,0,0,0,0,0,0,0,0
20,2,47,20,29,0,2,0,0,64,0,0,0,0,1,6,100,100,100,100,0,0,0,0,0,0,0,0,0,0,0,128,0,0
20,2,48,23,29,0,2,0,0,64,0,0,0,0,1,6,100,100,100,100,0,0,0,0,0,0,0,0,0,0,0,0,0,0
20,2,49,20,23,0,2,0,0,64,0,0,0,0,1,6,100,100,100,100,0,0,0,0,0,0,0,0,0,0,0,128,0,0
20,2,50,31,29,2,0,0,0,1,0,0,0,0,0,0,0,0,0,0,0,0,0,0,0,0,0,0,0,0,0,0,0,0
20,2,51,8,25,1,1,1,22,64,0,0,0,0,0,0,0,0,0,0,0,0,0,0,6,0,0,0,0,0,0,0,0,0
20,2,52,31,25,2,0,0,0,1,0,0,0,0,0,0,0,0,0,0,0,0,0,0,0,0,0,0,0,0,0,0,0,0
20,2,53,8,8,1,1,1,17,64,0,0,0,0,0,0,0,0,0,0,0,0,0,0,6,0,0,0,0,0,0,0,0,0
20,2,54,8,25,1,1,1,22,64,0,0,0,0,0,0,0,0,0,0,0,0,0,0,6,0,0,0,0,0,0,0,0,0
20,2,55,20,25,0,2,0,0,64,0,0,0,0,1,6,100,100,100,100,0,0,0,0,0,0,0,0,0,0,0,0,0,0
20,2,56,20,25,0,2,0,0,64,0,0,0,0,1,6,100,100,100,100,0,0,0,0,0,0,0,0,0,0,0,0,0,0
20,2,57,48,29,0,0,64,2,72,0,0,0,0,6,6,113,113,113,113,0,0,0,0,0,0,0,0,0,0,0,0,0,0
20,2,58,48,29,0,0,64,2,72,0,0,0,0,6,6,113,113,113,113,0,0,0,0,0,0,0,0,0,0,0,0,0,0
20,2,59,48,25,0,0,64,2,72,0,0,0,0,6,6,113,113,113,113,0,0,0,0,0,0,0,0,0,0,0,0,0,0
20,2,60,8,25,0,0,0,19,64,0,0,0,0,0,0,0,0,0,0,0,0,0,0,6,0,0,0,0,0,0,0,0,0
20,3,1,23,12,0,5,0,0,64,0,0,0,0,1,6,100,100,100,100,0,0,0,0,0,0,0,0,0,0,0,0,0,0
20,3,2,23,12,0,5,0,0,64,0,0,0,0,1,6,100,100,100,100,0,0,0,0,0,0,0,0,0,0,0,0,0,0
20,3,3,23,12,0,5,0,0,64,0,0,0,0,1,6,100,100,100,100,0,0,0,0,0,0,0,0,0,0,0,0,0,0
20,3,4,23,12,0,5,0,0,64,0,0,0,0,1,6,100,100,100,100,0,0,0,0,0,0,0,0,0,0,0,0,0,0
20,3,5,23,12,0,5,0,0,64,0,0,0,0,1,6,100,100,100,100,0,0,0,0,0,0,0,0,0,0,0,0,0,0
20,3,6,23,12,0,5,0,0,64,0,0,0,0,1,6,100,100,100,100,0,0,0,0,0,0,0,0,0,0,0,0,0,0
20,3,7,23,12,0,5,0,0,64,0,0,0,0,1,6,100,100,100,100,0,0,0,0,0,0,0,0,0,0,0,0,0,0
20,3,8,23,12,0,5,0,0,64,0,0,0,0,1,6,100,100,100,100,0,0,0,0,0,0,0,0,0,0,0,0,0,0
20,3,9,23,12,0,5,0,0,64,0,0,0,0,1,6,100,100,100,100,0,0,0,0,0,0,0,0,0,0,0,0,0,0
20,3,10,23,12,0,5,0,0,64,0,0,0,0,1,6,100,100,100,100,0,0,0,0,0,0,0,0,0,0,0,0,0,0
20,3,11,20,13,0,4,0,0,64,0,0,0,0,1,6,100,100,100,100,0,0,0,0,0,0,0,0,0,0,0,0,0,0
20,3,12,20,13,0,4,0,0,64,0,0,0,0,1,6,100,100,100,100,0,0,0,0,0,0,0,0,0,0,0,0,0,0
20,3,19,31,7,3,0,0,0,1,0,0,0,0,0,0,0,0,0,0,0,0,0,0,0,0,0,0,0,0,0,0,0,0
20,3,20,20,8,0,3,0,0,64,0,0,0,0,1,6,100,100,100,100,0,0,0,0,0,0,0,0,0,0,0,0,0,0
20,3,21,20,8,0,3,0,0,64,0,0,0,0,1,6,100,100,100,100,0,0,0,0,0,0,0,0,0,0,0,0,0,0
20,3,22,20,8,0,3,0,0,64,0,0,0,0,1,6,100,100,100,100,0,0,0,0,0,0,0,0,0,0,0,0,0,0
20,3,23,20,21,0,2,0,0,64,0,0,0,0,1,6,100,100,100,100,0,0,0,0,0,0,0,0,0,0,0,0,0,0
20,3,24,20,8,0,3,0,0,64,0,0,0,0,1,6,100,100,100,100,0,0,0,0,0,0,0,0,0,0,0,0,0,0
20,3,25,20,8,0,3,0,0,64,0,0,0,0,1,6,100,100,100,100,0,0,0,0,0,0,0,0,0,0,0,0,0,0
20,3,26,20,8,0,3,0,0,64,0,0,0,0,1,6,100,100,100,100,0,0,0,0,0,0,0,0,0,0,0,0,0,0
20,3,27,31,8,3,0,0,0,1,0,0,0,0,0,0,0,0,0,0,0,0,0,0,0,0,0,0,0,0,0,0,0,0
20,3,28,31,8,3,0,0,0,1,0,0,0,0,0,0,0,0,0,0,0,0,0,0,0,0,0,0,0,0,0,0,0,0
20,3,29,20,8,0,3,0,0,64,0,0,0,0,1,6,100,100,100,100,0,0,0,0,0,0,0,0,0,0,0,0,0,0
20,3,30,20,8,0,3,0,0,64,0,0,0,0,1,6,100,100,100,100,0,0,0,0,0,0,0,0,0,0,0,0,0,0
20,3,31,20,8,0,3,0,0,64,0,0,0,0,1,6,100,100,100,100,0,0,0,0,0,0,0,0,0,0,0,0,0,0
20,3,32,8,12,1,1,1,1,64,0,0,0,0,0,0,0,0,0,0,0,0,0,0,6,0,0,0,0,0,0,0,0,0
20,3,33,20,7,0,3,0,0,64,0,0,0,0,1,6,100,100,100,100,0,0,0,0,0,0,0,0,0,0,0,0,0,0
20,3,34,20,7,0,3,0,0,64,0,0,0,0,1,6,100,100,100,100,0,0,0,0,0,0,0,0,0,0,0,0,0,0
20,3,35,20,7,0,3,0,0,64,0,0,0,0,1,6,100,100,100,100,0,0,0,0,0,0,0,0,0,0,0,0,0,0
20,3,36,20,7,0,3,0,0,64,0,0,0,0,1,6,100,100,100,100,0,0,0,0,0,0,0,0,0,0,0,0,0,0
20,3,37,31,7,3,0,0,0,1,0,0,0,0,0,0,0,0,0,0,0,0,0,0,0,0,0,0,0,0,0,0,0,0
20,3,38,20,7,0,3,0,0,64,0,0,0,0,1,6,100,100,100,100,0,0,0,0,0,0,0,0,0,0,0,0,0,0
20,3,39,20,7,0,3,0,0,64,0,0,0,0,1,6,100,100,100,100,0,0,0,0,0,0,0,0,0,0,0,0,0,0
20,3,40,20,7,0,3,0,0,64,0,0,0,0,1,6,100,100,100,100,0,0,0,0,0,0,0,0,0,0,0,0,0,0
20,3,41,20,7,0,3,0,0,64,0,0,0,0,1,6,100,100,100,100,0,0,0,0,0,0,0,0,0,0,0,0,0,0
20,3,42,20,7,0,3,0,0,64,0,0,0,0,1,6,100,100,100,100,0,0,0,0,0,0,0,0,0,0,0,0,0,0
20,3,126,4,8,0,0,64,3,72,0,0,0,0,6,6,0,0,0,0,0,0,0,0,0,0,0,0,0,0,0,0,0,0
20,END,1,55467
14,BEGIN,1
14,1,1,0,0,1,0,0,1,0,0,1,0,0,0,0,0,1,0,1,1,0,0,0,0,0,0,0,0,0,0
14,2,1,0,0,1,0,0,1,0,0,1,0,0,0,0,0,1,1,1,1,0,0,0,0,0,0,0,0,0,0
14,3,1,0,0,1,0,0,1,0,0,1,0,0,0,0,0,1,1,1,1,0,0,0,0,0,0,0,0,0,0
14,4,1,0,0,1,0,0,1,0,0,1,0,0,0,0,0,1,1,1,1,0,0,0,0,0,0,0,0,0,0
14,5,1,0,0,1,0,0,1,0,0,1,0,0,0,0,0,1,1,1,1,0,0,0,0,0,0,0,0,0,0
14,6,1,0,0,1,0,0,1,0,0,1,0,0,0,0,0,1,1,1,1,0,0,0,0,0,0,0,0,0,0
14,7,1,0,0,1,0,0,1,0,0,1,0,0,0,0,0,1,0,1,1,0,0,0,0,0,0,0,0,1,0
14,END,1,21165
15,BEGIN,1
15,1,1,1,0
15,2,1,1,0
15,3,1,1,0
15,4,1,1,0
15,5,1,1,0
15,6,1,1,0
15,7,1,1,0
15,8,1,1,0
15,9,1,1,0
15,10,1,1,0
15,11,1,1,0
15,12,1,1,0
15,13,1,1,0
15,14,1,1,0
15,15,1,1,0
15,16,1,1,0
15,17,1,1,0
15,18,0,1,0
15,19,1,1,0
15,20,1,1,0
15,21,1,1,0
15,22,1,1,0
15,23,1,1,0
15,24,1,1,0
15,25,1,1,0
15,26,1,1,0
15,27,1,1,0
15,28,1,1,0
15,END,1,15244
16,BEGIN,1
16,641,22,23,19,
16,642,18,17,
16,643,7,8,9,10,11,
16,644,22,23,24,25,26,1,19,
16,645,2,3,4,5,6,
16,END,1,5223
40,BEGIN,1
40,0,255,0,20,0,0,0,0,0,0,0,0,0,0,0,0,0,0,0,0,0,0,0,0,0,0,
40,1,254,0,10,0,0,0,0,0,0,0,0,0,0,0,0,0,0,0,0,0,0,0,0,0,0,
40,2,253,0,40,0,0,0,0,0,0,0,0,0,0,0,0,0,0,0,0,0,0,0,0,0,0,
40,3,255,300,10,0,0,0,0,0,0,0,0,0,0,0,0,0,0,0,0,0,0,0,0,0,0,
40,END,1,11726
60,BEGIN,1
60,0,0, 0, 0, 0, 0, 0, 0, 0, 0, 0, 0, 0, 0, 0, 0, 0, 
60,END,1,2885
161,BEGIN,1
161,END,1,659
154,BEGIN,1
154,641,2,3,4,5,6,
154,END,1,1558
2,BEGIN,1
2,9,1,0,Panel Sounder 1        
2,9,1,1,Panel Sounder 1        
2,9,1,2,                       
2,9,1,3,                       
2,9,1,4,                       
2,9,2,0,Panel Sounder 2        
2,9,2,1,Panel Sounder 2        
2,9,2,2,                       
2,9,2,3,                       
2,9,2,4,                       
2,9,3,0,Panel Relay 1          
2,9,3,1,Panel Relay 1          
2,9,3,2,                       
2,9,3,3,                       
2,9,3,4,                       
2,9,4,0,Panel Relay 2          
2,9,4,1,Panel Relay 2          
2,9,4,2,                       
2,9,4,3,                       
2,9,4,4,                       
2,9,5,0,Keyswitch              
2,9,5,1,Keyswitch              
2,9,5,2,                       
2,9,5,3,                       
2,9,5,4,                       
2,9,6,0,System PSU             
2,9,6,1,System PSU             
2,9,6,2,                       
2,9,6,3,                       
2,9,6,4,                       
2,9,7,0,Fault Buzzer           
2,9,7,1,Fault Buzzer           
2,9,7,2,                       
2,9,7,3,                       
2,9,7,4,                       
2,9,8,0,Fault Relay            
2,9,8,1,Fault Relay            
2,9,8,2,                       
2,9,8,3,                       
2,9,8,4,                       
2,9,9,0,Event Log              
2,9,9,1,Event Log              
2,9,9,2,                       
2,9,9,3,                       
2,9,9,4,                       
2,9,10,0,Panel Device           
2,9,10,1,Panel Device           
2,9,10,2,                       
2,9,10,3,                       
2,9,10,4,                       
2,9,11,0,Touch Pnl              
2,9,11,1,Touch Pnl              
2,9,11,2,                       
2,9,11,3,                       
2,9,11,4,                       
2,9,12,0,Mon I/P 1              
2,9,12,1,Mon I/P 1              
2,9,12,2,                       
2,9,12,3,                       
2,9,12,4,                       
2,9,13,0,Mon I/P 2              
2,9,13,1,Mon I/P 2              
2,9,13,2,                       
2,9,13,3,                       
2,9,13,4,                       
2,9,14,0,Earth Fault            
2,9,14,1,Earth Fault            
2,9,14,2,                       
2,9,14,3,                       
2,9,14,4,                       
2,9,15,0,24V Fuse               
2,9,15,1,24V Fuse               
2,9,15,2,                       
2,9,15,3,                       
2,9,15,4,                       
2,9,16,0,Drax                   
2,9,16,1,Drax                   
2,9,16,2,                       
2,9,16,3,                       
2,9,16,4,                       
2,1,1,0,CORRIDOR BY MEET RM 4  
2,1,1,1,CORRIDOR BY MEET RM 4  
2,1,1,2,CORRIDOR BY MEET RM 4  
2,1,1,3,                       
2,1,1,4,                       
2,1,2,0,MEETING ROOM 5         
2,1,2,1,MEETING ROOM 5         
2,1,2,2,MEETING ROOM 5         
2,1,2,3,                       
2,1,2,4,                       
2,1,3,0,BEHIND MEETING RM 5    
2,1,3,1,BEHIND MEETING RM 5    
2,1,3,2,BEHIND MEETING RM 5    
2,1,3,3,                       
2,1,3,4,                       
2,1,4,0,MEETING ROOM 1         
2,1,4,1,MEETING ROOM 1         
2,1,4,2,MEETING ROOM 1         
2,1,4,3,                       
2,1,4,4,                       
2,1,5,0,STORE RM BY MEET RM 1  
2,1,5,1,STORE RM BY MEET RM 1  
2,1,5,2,STORE RM BY MEET RM 1  
2,1,5,3,                       
2,1,5,4,                       
2,1,6,0,STORE ROOM             
2,1,6,1,RECEPTION DOOR         
2,1,6,2,STORE ROOM             
2,1,6,3,STORE ROOM             
2,1,6,4,STORE ROOM             
2,1,7,0,RECEPTION              
2,1,7,1,RECEPTION              
2,1,7,2,RECEPTION              
2,1,7,3,                       
2,1,7,4,                       
2,1,8,0,BEHIND RECEPTION       
2,1,8,1,BEHIND RECEPTION       
2,1,8,2,BEHIND RECEPTION       
2,1,8,3,                       
2,1,8,4,                       
2,1,9,0,RECEPTION BY LIFT      
2,1,9,1,RECEPTION BY LIFT      
2,1,9,2,RECEPTION BY LIFT      
2,1,9,3,                       
2,1,9,4,                       
2,1,10,0,RECEPTION ENTRANCE     
2,1,10,1,RECEPTION ENTRANCE     
2,1,10,2,                       
2,1,10,3,                       
2,1,10,4,                       
2,1,11,0,CLEANERS STORE         
2,1,11,1,CLEANERS STORE         
2,1,11,2,CLEANERS STORE         
2,1,11,3,                       
2,1,11,4,                       
2,1,12,0,FEMALE WC              
2,1,12,1,FEMALE WC              
2,1,12,2,FEMALE WC              
2,1,12,3,                       
2,1,12,4,                       
2,1,13,0,CORRIDOR BY UTILITY RM 
2,1,13,1,CORRIDOR BY UTILITY RM 
2,1,13,2,CORRIDOR BY UTILITY RM 
2,1,13,3,                       
2,1,13,4,                       
2,1,14,0,MALE WC                
2,1,14,1,MALE WC                
2,1,14,2,MALE WC                
2,1,14,3,                       
2,1,14,4,                       
2,1,15,0,EXIT BY UTILITY ROOM   
2,1,15,1,EXIT BY UTILITY ROOM   
2,1,15,2,                       
2,1,15,3,                       
2,1,15,4,                       
2,1,16,0,LOBBY TO MAIN STORES   
2,1,16,1,DOOR ACCESS            
2,1,16,2,LOBBY TO MAIN STORES   
2,1,16,3,LOBBY TO MAIN STORES   
2,1,16,4,LOBBY TO MAIN STORES   
2,1,17,0,LOBBY TO MAIN STORES   
2,1,17,1,LOBBY TO MAIN STORES   
2,1,17,2,LOBBY TO MAIN STORES   
2,1,17,3,                       
2,1,17,4,                       
2,1,19,0,UTILITY ROOM           
2,1,19,1,UTILITY ROOM           
2,1,19,2,UTILITY ROOM           
2,1,19,3,                       
2,1,19,4,                       
2,1,20,0,DISABLED WC SHOWER     
2,1,20,1,DISABLED WC SHOWER     
2,1,20,2,DISABLED WC SHOWER     
2,1,20,3,                       
2,1,20,4,                       
2,1,21,0,UTILITY ROOM EXIT      
2,1,21,1,UTILITY ROOM EXIT      
2,1,21,2,                       
2,1,21,3,                       
2,1,21,4,                       
2,1,22,0,MEETING ROOM 4         
2,1,22,1,MEETING ROOM 4         
2,1,22,2,MEETING ROOM 4         
2,1,22,3,                       
2,1,22,4,                       
2,1,23,0,LOBBY TO GOODS IN      
2,1,23,1,LOBBY TO GOODS IN      
2,1,23,2,LOBBY TO GOODS IN      
2,1,23,3,                       
2,1,23,4,                       
2,1,24,0,LOBBY TO GOODS IN      
2,1,24,1,DOOR ACCESS            
2,1,24,2,Loop 1-   Device    24/2
2,1,24,3,Loop 1-   Device    24/3
2,1,24,4,LOBBY TO GOODS IN      
2,1,25,0,FEMALE WC              
2,1,25,1,FEMALE WC              
2,1,25,2,FEMALE WC              
2,1,25,3,                       
2,1,25,4,                       
2,1,26,0,CORRIDOR BY WC'S       
2,1,26,1,CORRIDOR BY WC'S       
2,1,26,2,CORRIDOR BY WC'S       
2,1,26,3,                       
2,1,26,4,                       
2,1,27,0,MEETING ROOM 2         
2,1,27,1,MEETING ROOM 2         
2,1,27,2,MEETING ROOM 2         
2,1,27,3,                       
2,1,27,4,                       
2,1,28,0,MALE WC                
2,1,28,1,Loop 1-   Device    28/1
2,1,28,2,MALE WC                
2,1,28,3,                       
2,1,28,4,                       
2,1,29,0,SERVERY / FOOD PREP    
2,1,29,1,SERVERY / FOOD PREP    
2,1,29,2,SERVERY / FOOD PREP    
2,1,29,3,                       
2,1,29,4,                       
2,1,30,0,SERVERY EXIT           
2,1,30,1,SERVERY EXIT           
2,1,30,2,                       
2,1,30,3,                       
2,1,30,4,                       
2,1,31,0,CORRIDOR BY MEETING RM 3
2,1,31,1,CORRIDOR BY MEETING RM 3
2,1,31,2,CORRIDOR BY MEETING RM 3
2,1,31,3,                       
2,1,31,4,                       
2,1,32,0,FURNITURE STORE        
2,1,32,1,FURNITURE STORE        
2,1,32,2,FURNITURE STORE        
2,1,32,3,                       
2,1,32,4,                       
2,1,33,0,MEETING ROOM 3         
2,1,33,1,MEETING ROOM 3         
2,1,33,2,MEETING ROOM 3         
2,1,33,3,                       
2,1,33,4,                       
2,1,34,0,PLANT ROOM EXIT        
2,1,34,1,PLANT ROOM EXIT        
2,1,34,2,                       
2,1,34,3,                       
2,1,34,4,                       
2,1,35,0,EXIT LOBBY BY PLANT RM 
2,1,35,1,EXIT LOBBY BY PLANT RM 
2,1,35,2,EXIT LOBBY BY PLANT RM 
2,1,35,3,                       
2,1,35,4,                       
2,1,36,0,EXIT LOBBY BY PLANT RM 
2,1,36,1,EXIT LOBBY BY PLANT RM 
2,1,36,2,                       
2,1,36,3,                       
2,1,36,4,                       
2,1,37,0,GROUND FLOOR           
2,1,37,1,GROUND FLOOR           
2,1,37,2,GROUND FLOOR           
2,1,37,3,                       
2,1,37,4,                       
2,1,38,0,BEHIND MALE WC         
2,1,38,1,BEHIND MALE WC         
2,1,38,2,BEHIND MALE WC         
2,1,38,3,                       
2,1,38,4,                       
2,1,39,0,BEHIND PLANT ROOM      
2,1,39,1,BEHIND PLANT ROOM      
2,1,39,2,BEHIND PLANT ROOM      
2,1,39,3,                       
2,1,39,4,                       
2,1,40,0,PLANT ROOM             
2,1,40,1,PLANT ROOM             
2,1,40,2,PLANT ROOM             
2,1,40,3,                       
2,1,40,4,                       
2,1,41,0,MEETING ROOM 1         
2,1,41,1,PA SHUTDOWN            
2,1,41,2,MEETING ROOM 1         
2,1,41,3,MEETING ROOM 1         
2,1,41,4,MEETING ROOM 1         
2,1,42,0,GROUND FLOOR           
2,1,42,1,EXTERNAL FRONT GATE    
2,1,42,2,GROUND FLOOR           
2,1,42,3,GROUND FLOOR           
2,1,42,4,GROUND FLOOR           
2,1,43,0,MEETING ROOM 2         
2,1,43,1,PA SHUTDOWN            
2,1,43,2,MEETING ROOM 2         
2,1,43,3,MEETING ROOM 2         
2,1,43,4,MEETING ROOM 2         
2,1,44,0,MEETING ROOM 3         
2,1,44,1,PA SHUTDOWN            
2,1,44,2,MEETING ROOM 3         
2,1,44,3,MEETING ROOM 3         
2,1,44,4,MEETING ROOM 3         
2,1,45,0,CORRIDOR BY PLANT RM   
2,1,45,1,PLANT RM DOOR          
2,1,45,2,CORRIDOR BY PLANT RM   
2,1,45,3,CORRIDOR BY PLANT RM   
2,1,45,4,CORRIDOR BY PLANT RM   
2,1,46,0,MALE WC                
2,1,46,1,MALE WC                
2,1,46,2,MALE WC                
2,1,46,3,                       
2,1,46,4,                       
2,1,47,0,FEMALE WC              
2,1,47,1,FEMALE WC              
2,1,47,2,FEMALE WC              
2,1,47,3,                       
2,1,47,4,                       
2,1,48,0,FEMALE WC              
2,1,48,1,Loop 1-   Device    48/1
2,1,48,2,FEMALE WC              
2,1,48,3,                       
2,1,48,4,                       
2,1,49,0,MALE WC                
2,1,49,1,Loop 1-   Device    49/1
2,1,49,2,MALE WC                
2,1,49,3,                       
2,1,49,4,                       
2,1,50,0,DISABLED WC            
2,1,50,1,Loop 1-   Device    50/1
2,1,50,2,DISABLED WC            
2,1,50,3,                       
2,1,50,4,                       
2,1,115,0,VA RACK                
2,1,115,1,VA ALERT MAIN OFFICES  
2,1,115,2,VA RACK                
2,1,115,3,VA RACK                
2,1,115,4,VA RACK                
2,1,116,0,VA RACK                
2,1,116,1,VA ALERT PRODUCTION    
2,1,116,2,VA RACK                
2,1,116,3,VA RACK                
2,1,116,4,VA RACK                
2,1,117,0,VA RACK                
2,1,117,1,VA ALERT WAREHOUSE     
2,1,117,2,VA RACK                
2,1,117,3,VA RACK                
2,1,117,4,VA RACK                
2,1,118,0,VA RACK                
2,1,118,1,VA ALERT GOODS IN / STOR
2,1,118,2,VA RACK                
2,1,118,3,VA RACK                
2,1,118,4,VA RACK                
2,1,119,0,VA RACK                
2,1,119,1,VA ALERT PRODUCTION OFFI
2,1,119,2,VA RACK                
2,1,119,3,VA RACK                
2,1,119,4,VA RACK                
2,1,120,0,VA RACK                
2,1,120,1,VA EVAC MAIN OFFICES   
2,1,120,2,VA RACK                
2,1,120,3,VA RACK                
2,1,120,4,VA RACK                
2,1,121,0,VA RACK                
2,1,121,1,VA EVAC PRODUCTION     
2,1,121,2,VA RACK                
2,1,121,3,VA RACK                
2,1,121,4,VA RACK                
2,1,122,0,VA RACK                
2,1,122,1,VA EVAC WAREHOUSE      
2,1,122,2,VA RACK                
2,1,122,3,VA RACK                
2,1,122,4,VA RACK                
2,1,123,0,VA RACK                
2,1,123,1,VA EVAC GOODS IN / STORE
2,1,123,2,VA RACK                
2,1,123,3,VA RACK                
2,1,123,4,VA RACK                
2,1,124,0,VA RACK                
2,1,124,1,VA EVAC PRODUCTION OFFIC
2,1,124,2,VA RACK                
2,1,124,3,VA RACK                
2,1,124,4,VA RACK                
2,1,125,0,VA RACK                
2,1,125,1,NOT USED               
2,1,125,2,NOT USED               
2,1,125,3,NOT USED               
2,1,125,4,NOT USED               
2,1,126,0,VA RACK                
2,1,126,1,NOT USED               
2,1,126,2,VA RACK                
2,1,126,3,VA RACK                
2,1,126,4,VA RACK                
2,2,1,0,SERVER ROOM            
2,2,1,1,SERVER ROOM            
2,2,1,2,SERVER ROOM            
2,2,1,3,                       
2,2,1,4,                       
2,2,2,0,MEETING ROOM           
2,2,2,1,MEETING ROOM           
2,2,2,2,MEETING ROOM           
2,2,2,3,                       
2,2,2,4,                       
2,2,3,0,MEETING ROOM VOID      
2,2,3,1,MEETING ROOM VOID      
2,2,3,2,MEETING ROOM VOID      
2,2,3,3,                       
2,2,3,4,                       
2,2,4,0,STORE                  
2,2,4,1,STORE                  
2,2,4,2,STORE                  
2,2,4,3,                       
2,2,4,4,                       
2,2,5,0,MALE WC                
2,2,5,1,MALE WC                
2,2,5,2,MALE WC                
2,2,5,3,                       
2,2,5,4,                       
2,2,6,0,FEMALE WC              
2,2,6,1,FEMALE WC              
2,2,6,2,FEMALE WC              
2,2,6,3,                       
2,2,6,4,                       
2,2,7,0,SMALL DELIVERIES EXIT  
2,2,7,1,SALES DIRECTOR         
2,2,7,2,SALES DIRECTOR         
2,2,7,3,                       
2,2,7,4,                       
2,2,8,0,SALES DIRECTOR VOID    
2,2,8,1,SALES DIRECTOR VOID    
2,2,8,2,SALES DIRECTOR VOID    
2,2,8,3,                       
2,2,8,4,                       
2,2,9,0,IT MANAGER VOID        
2,2,9,1,IT MANAGER VOID        
2,2,9,2,IT MANAGER VOID        
2,2,9,3,                       
2,2,9,4,                       
2,2,10,0,IT MANAGER             
2,2,10,1,IT MANAGER             
2,2,10,2,IT MANAGER             
2,2,10,3,                       
2,2,10,4,                       
2,2,11,0,MARKETING AND SALES VOID
2,2,11,1,MARKETING AND SALES VOID
2,2,11,2,MARKETING AND SALES VOID
2,2,11,3,                       
2,2,11,4,                       
2,2,12,0,1ST FLOOR BY LIFT      
2,2,12,1,1ST FLOOR BY LIFT      
2,2,12,2,1ST FLOOR BY LIFT      
2,2,12,3,                       
2,2,12,4,                       
2,2,13,0,GROUND FLOOR EXIT      
2,2,13,1,GROUND FLOOR EXIT      
2,2,13,2,                       
2,2,13,3,                       
2,2,13,4,                       
2,2,14,0,MARKETING MANAGER      
2,2,14,1,MARKETING MANAGER      
2,2,14,2,MARKETING MANAGER      
2,2,14,3,                       
2,2,14,4,                       
2,2,15,0,MARKETING AND SALES VOID
2,2,15,1,MARKETING AND SALES VOID
2,2,15,2,MARKETING AND SALES VOID
2,2,15,3,                       
2,2,15,4,                       
2,2,16,0,MARKETING MANAGER VOID 
2,2,16,1,MARKETING MANAGER VOID 
2,2,16,2,MARKETING MANAGER VOID 
2,2,16,3,                       
2,2,16,4,                       
2,2,17,0,MARKETING STORE VOID   
2,2,17,1,MARKETING STORE VOID   
2,2,17,2,MARKETING STORE VOID   
2,2,17,3,                       
2,2,17,4,                       
2,2,18,0,MARKETING STORE        
2,2,18,1,MARKETING STORE        
2,2,18,2,MARKETING STORE        
2,2,18,3,                       
2,2,18,4,                       
2,2,19,0,1ST FLOOR LANDING VOID 
2,2,19,1,1ST FLOOR LANDING VOID 
2,2,19,2,1ST FLOOR LANDING VOID 
2,2,19,3,                       
2,2,19,4,                       
2,2,20,0,1ST FLOOR LANDING      
2,2,20,1,1ST FLOOR LANDING      
2,2,20,2,1ST FLOOR LANDING      
2,2,20,3,                       
2,2,20,4,                       
2,2,21,0,MARKETING AND SALES EXIT
2,2,21,1,MARKETING AND SALES EXIT
2,2,21,2,                       
2,2,21,3,                       
2,2,21,4,                       
2,2,22,0,MARKETING AND SALES    
2,2,22,1,MARKETING AND SALES    
2,2,22,2,MARKETING AND SALES    
2,2,22,3,                       
2,2,22,4,                       
2,2,23,0,MARKETING AND SALES    
2,2,23,1,MARKETING AND SALES    
2,2,23,2,MARKETING AND SALES    
2,2,23,3,                       
2,2,23,4,                       
2,2,24,0,ACCOUNTS OFFICE        
2,2,24,1,ACCOUNTS OFFICE        
2,2,24,2,ACCOUNTS OFFICE        
2,2,24,3,                       
2,2,24,4,                       
2,2,25,0,ACCOUNTS OFFICE VOID   
2,2,25,1,ACCOUNTS OFFICE VOID   
2,2,25,2,ACCOUNTS OFFICE VOID   
2,2,25,3,                       
2,2,25,4,                       
2,2,26,0,CORRIDOR BY FINANCE    
2,2,26,1,CORRIDOR BY FINANCE    
2,2,26,2,CORRIDOR BY FINANCE    
2,2,26,3,                       
2,2,26,4,                       
2,2,27,0,CORRIDOR BY FINANCE VOID
2,2,27,1,CORRIDOR BY FINANCE VOID
2,2,27,2,CORRIDOR BY FINANCE VOID
2,2,27,3,                       
2,2,27,4,                       
2,2,28,0,FINANCE DIRECTOR OFFICE
2,2,28,1,FINANCE DIRECTOR OFFICE
2,2,28,2,FINANCE DIRECTOR OFFICE
2,2,28,3,                       
2,2,28,4,                       
2,2,29,0,FINANCE DIRECTOR VOID  
2,2,29,1,FINANCE DIRECTOR VOID  
2,2,29,2,FINANCE DIRECTOR VOID  
2,2,29,3,                       
2,2,29,4,                       
2,2,30,0,1ST FLOOR SEATING AREA 
2,2,30,1,1ST FLOOR SEATING AREA 
2,2,30,2,1ST FLOOR SEATING AREA 
2,2,30,3,                       
2,2,30,4,                       
2,2,31,0,1ST FLOOR LANDING      
2,2,31,1,1ST FLOOR LANDING      
2,2,31,2,                       
2,2,31,3,                       
2,2,31,4,                       
2,2,32,0,HIGH LEVEL BY STAIR    
2,2,32,1,HIGH LEVEL BY STAIR    
2,2,32,2,HIGH LEVEL BY STAIR    
2,2,32,3,                       
2,2,32,4,                       
2,2,33,0,ENTRANCE LOBBY / HIGH  
2,2,33,1,ENTRANCE LOBBY / HIGH  
2,2,33,2,ENTRANCE LOBBY / HIGH  
2,2,33,3,                       
2,2,33,4,                       
2,2,34,0,FEMALE WC              
2,2,34,1,FEMALE WC              
2,2,34,2,FEMALE WC              
2,2,34,3,                       
2,2,34,4,                       
2,2,35,0,FEMALE WC VOID         
2,2,35,1,FEMALE WC VOID         
2,2,35,2,FEMALE WC VOID         
2,2,35,3,                       
2,2,35,4,                       
2,2,36,0,LIFT SHAFT             
2,2,36,1,LIFT SHAFT             
2,2,36,2,LIFT SHAFT             
2,2,36,3,                       
2,2,36,4,                       
2,2,37,0,WC'S LOBBY BY LIFT     
2,2,37,1,LIFT                   
2,2,37,2,WC'S LOBBY BY LIFT     
2,2,37,3,WC'S LOBBY BY LIFT     
2,2,37,4,WC'S LOBBY BY LIFT     
2,2,38,0,MALE WC                
2,2,38,1,MALE WC                
2,2,38,2,MALE WC                
2,2,38,3,                       
2,2,38,4,                       
2,2,39,0,MALE WC VOID           
2,2,39,1,MALE WC VOID           
2,2,39,2,MALE WC VOID           
2,2,39,3,                       
2,2,39,4,                       
2,2,40,0,1ST FLOOR LANDING      
2,2,40,1,1ST FLOOR LANDING      
2,2,40,2,1ST FLOOR LANDING      
2,2,40,3,                       
2,2,40,4,                       
2,2,41,0,1ST FLOOR LANDING VOID 
2,2,41,1,1ST FLOOR LANDING VOID 
2,2,41,2,1ST FLOOR LANDING VOID 
2,2,41,3,                       
2,2,41,4,                       
2,2,42,0,EXIT BY STAFF LOUNGE   
2,2,42,1,EXIT BY STAFF LOUNGE   
2,2,42,2,                       
2,2,42,3,                       
2,2,42,4,                       
2,2,43,0,LOBBY BY STAFF LOUNGE  
2,2,43,1,LOBBY BY STAFF LOUNGE  
2,2,43,2,LOBBY BY STAFF LOUNGE  
2,2,43,3,                       
2,2,43,4,                       
2,2,44,0,LOBBY BY LOUNGE VOID   
2,2,44,1,LOBBY BY LOUNGE VOID   
2,2,44,2,LOBBY BY STAFF LOUNGE VO
2,2,44,3,                       
2,2,44,4,                       
2,2,45,0,STAFF LOUNGE VOID      
2,2,45,1,STAFF LOUNGE VOID      
2,2,45,2,STAFF LOUNGE VOID      
2,2,45,3,                       
2,2,45,4,                       
2,2,46,0,STAFF LOUNGE           
2,2,46,1,STAFF LOUNGE           
2,2,46,2,STAFF LOUNGE           
2,2,46,3,                       
2,2,46,4,                       
2,2,47,0,STAFF KITCHEN VOID     
2,2,47,1,STAFF KITCHEN VOID     
2,2,47,2,STAFF KITCHEN VOID     
2,2,47,3,                       
2,2,47,4,                       
2,2,48,0,STAFF KITCHEN          
2,2,48,1,STAFF KITCHEN          
2,2,48,2,STAFF KITCHEN          
2,2,48,3,                       
2,2,48,4,                       
2,2,49,0,1ST FLOOR SEATING VOID 
2,2,49,1,1ST FLOOR SEATING VOID 
2,2,49,2,1ST FLOOR SEATING VOID 
2,2,49,3,                       
2,2,49,4,                       
2,2,50,0,STAFF KITCHEN EXIT     
2,2,50,1,STAFF KITCHEN EXIT     
2,2,50,2,                       
2,2,50,3,                       
2,2,50,4,                       
2,2,51,0,CORR BY FINANCE DIRECTOR
2,2,51,1,LOCAL DOOR             
2,2,51,2,CORR BY FINANCE DIRECTOR
2,2,51,3,CORR BY FINANCE DIRECTOR
2,2,51,4,CORR BY FINANCE DIRECTOR
2,2,52,0,SERVER ROOM EXIT       
2,2,52,1,SERVER ROOM EXIT       
2,2,52,2,                       
2,2,52,3,                       
2,2,52,4,                       
2,2,53,0,MAIN STORES            
2,2,53,1,REDCARE                
2,2,53,2,MAIN STORES            
2,2,53,3,MAIN STORES            
2,2,53,4,MAIN STORES            
2,2,54,0,SERVER ROOM            
2,2,54,1,SERVER RM DOOR         
2,2,54,2,SERVER ROOM            
2,2,54,3,SERVER ROOM            
2,2,54,4,SERVER ROOM            
2,2,55,0,MALE WC                
2,2,55,1,MALE WC                
2,2,55,2,MALE WC                
2,2,55,3,                       
2,2,55,4,                       
2,2,56,0,FEMALE WC              
2,2,56,1,FEMALE WC              
2,2,56,2,FEMALE WC              
2,2,56,3,                       
2,2,56,4,                       
2,2,57,0,FEMALE WC              
2,2,57,1,Loop 2-   Device    57/1
2,2,57,2,FEMALE WC              
2,2,57,3,                       
2,2,57,4,                       
2,2,58,0,MALE WC                
2,2,58,1,Loop 2-   Device    58/1
2,2,58,2,MALE WC                
2,2,58,3,                       
2,2,58,4,                       
2,2,59,0,SERVER ROOM            
2,2,59,1,SERVER ROOM            
2,2,59,2,SERVER ROOM            
2,2,59,3,                       
2,2,59,4,                       
2,2,60,0,SERVER ROOM            
2,2,60,1,GF DOOR HOLDERS        
2,2,60,2,SERVER ROOM            
2,2,60,3,SERVER ROOM            
2,2,60,4,SERVER ROOM            
2,3,1,0,ROW 1 REAR PRODUCTION  
2,3,1,1,ROW 1 REAR PRODUCTION  
2,3,1,2,Row 1 Rear Production  
2,3,1,3,                       
2,3,1,4,                       
2,3,2,0,ROW 2 REAR PRODUCTION  
2,3,2,1,ROW 2 REAR PRODUCTION  
2,3,2,2,Row 2 Rear production  
2,3,2,3,                       
2,3,2,4,                       
2,3,3,0,ROW 1D                 
2,3,3,1,ROW 1D                 
2,3,3,2,ROW 1E                 
2,3,3,3,                       
2,3,3,4,                       
2,3,4,0,ROW 2D                 
2,3,4,1,ROW 2D                 
2,3,4,2,ROW 2D                 
2,3,4,3,                       
2,3,4,4,                       
2,3,5,0,ROW 1C                 
2,3,5,1,ROW 1C                 
2,3,5,2,ROW 1D                 
2,3,5,3,                       
2,3,5,4,                       
2,3,6,0,ROW 2C                 
2,3,6,1,ROW 2C                 
2,3,6,2,ROW 2C                 
2,3,6,3,                       
2,3,6,4,                       
2,3,7,0,ROW 1B                 
2,3,7,1,ROW 1B                 
2,3,7,2,ROW 1C                 
2,3,7,3,                       
2,3,7,4,                       
2,3,8,0,ROW 2B                 
2,3,8,1,ROW 2B                 
2,3,8,2,ROW 2B                 
2,3,8,3,                       
2,3,8,4,                       
2,3,9,0,ROW 1A                 
2,3,9,1,ROW 1A                 
2,3,9,2,ROW 1B                 
2,3,9,3,                       
2,3,9,4,                       
2,3,10,0,ROW 2A                 
2,3,10,1,ROW 2A                 
2,3,10,2,ROW 2A                 
2,3,10,3,                       
2,3,10,4,                       
2,3,11,0,PURCHASING VOID        
2,3,11,1,PURCHASING VOID        
2,3,11,2,PURCHASING VOID        
2,3,11,3,                       
2,3,11,4,                       
2,3,12,0,REDROSE VOID           
2,3,12,1,REDROSE VOID           
2,3,12,2,REDROSE VOID           
2,3,12,3,                       
2,3,12,4,                       
2,3,19,0,SMALL DELIVERIES EXIT  
2,3,19,1,SMALL DELIVERIES EXIT  
2,3,19,2,                       
2,3,19,3,                       
2,3,19,4,                       
2,3,20,0,ROW 2A                 
2,3,20,1,ROW 2A                 
2,3,20,2,ROW 2A                 
2,3,20,3,                       
2,3,20,4,                       
2,3,21,0,ROW 2B                 
2,3,21,1,ROW 2B                 
2,3,21,2,ROW 2B                 
2,3,21,3,                       
2,3,21,4,                       
2,3,22,0,ROW 2C                 
2,3,22,1,ROW 2C                 
2,3,22,2,ROW 2C                 
2,3,22,3,                       
2,3,22,4,                       
2,3,23,0,LOBBY TO GOODS IN      
2,3,23,1,LOBBY TO GOODS IN      
2,3,23,2,LOBBY TO GOODS IN      
2,3,23,3,                       
2,3,23,4,                       
2,3,24,0,ROW 1A                 
2,3,24,1,ROW 1A                 
2,3,24,2,ROW 1A                 
2,3,24,3,                       
2,3,24,4,                       
2,3,25,0,ROW 1B                 
2,3,25,1,ROW 1B                 
2,3,25,2,ROW 1B                 
2,3,25,3,                       
2,3,25,4,                       
2,3,26,0,ROW 1C                 
2,3,26,1,ROW 1C                 
2,3,26,2,ROW 1C                 
2,3,26,3,                       
2,3,26,4,                       
2,3,27,0,FRONT SIDE EXIT        
2,3,27,1,FRONT SIDE EXIT        
2,3,27,2,                       
2,3,27,3,                       
2,3,27,4,                       
2,3,28,0,REAR SIDE EXIT         
2,3,28,1,REAR SIDE EXIT         
2,3,28,2,                       
2,3,28,3,                       
2,3,28,4,                       
2,3,29,0,ROW 3C                 
2,3,29,1,ROW 3C                 
2,3,29,2,ROW 3C                 
2,3,29,3,                       
2,3,29,4,                       
2,3,30,0,ROW 3B                 
2,3,30,1,ROW 3B                 
2,3,30,2,ROW 3B                 
2,3,30,3,                       
2,3,30,4,                       
2,3,31,0,ROW 3A                 
2,3,31,1,ROW 3A                 
2,3,31,2,ROW 3A                 
2,3,31,3,                       
2,3,31,4,                       
2,3,32,0,GOODS IN BY PRODUCTION 
2,3,32,1,NOT IN USE             
2,3,32,2,Loop 3-   Device    32/2
2,3,32,3,Loop 3-   Device    32/3
2,3,32,4,GOODS IN BY PRODUCTION 
2,3,33,0,ROW 2D                 
2,3,33,1,ROW 2D                 
2,3,33,2,ROW 2D                 
2,3,33,3,                       
2,3,33,4,                       
2,3,34,0,ROW 2C                 
2,3,34,1,ROW 2C                 
2,3,34,2,ROW 2C                 
2,3,34,3,                       
2,3,34,4,                       
2,3,35,0,ROW 2B                 
2,3,35,1,ROW 2B                 
2,3,35,2,ROW 2B                 
2,3,35,3,                       
2,3,35,4,                       
2,3,36,0,ROW 2A                 
2,3,36,1,ROW 2A                 
2,3,36,2,ROW 2A                 
2,3,36,3,                       
2,3,36,4,                       
2,3,37,0,EXIT BY ROLLER SHUTTER 
2,3,37,1,EXIT BY ROLLER SHUTTER 
2,3,37,2,                       
2,3,37,3,                       
2,3,37,4,                       
2,3,38,0,ENTRANCE BY ROLLER SHUTT
2,3,38,1,ENTRANCE BY ROLLER SHUTT
2,3,38,2,ENTRANCE BY ROLLER SHUTT
2,3,38,3,                       
2,3,38,4,                       
2,3,39,0,ROW 1A                 
2,3,39,1,ROW 1A                 
2,3,39,2,ROW 1A                 
2,3,39,3,                       
2,3,39,4,                       
2,3,40,0,ROW 1B                 
2,3,40,1,ROW 1B                 
2,3,40,2,ROW 1B                 
2,3,40,3,                       
2,3,40,4,                       
2,3,41,0,ROW 1C                 
2,3,41,1,ROW 1C                 
2,3,41,2,ROW 1C                 
2,3,41,3,                       
2,3,41,4,                       
2,3,42,0,ROW 1D                 
2,3,42,1,ROW 1D                 
2,3,42,2,ROW 1D                 
2,3,42,3,                       
2,3,42,4,                       
2,3,126,0,REAR WALL              
2,3,126,1,Rear Wall              
2,3,126,2,Rear Wall              
2,3,126,3,                       
2,3,126,4,                       
2,END,1,9034
150,BEGIN,1
150,1,0,"VOICE ALARM C+E","C & E Block"
150,2,1,"IG AREA 1","Input Group",2,2
150,3,2,"Activated","Input Group State",2
150,4,3,"ON","Action",1
150,5,4,"ALL BEACONS","Output Object",5,5
150,6,3,"ON","Action",1
150,7,4,"BEACONS AREA 1","Output Object",4,2
150,8,4,"VA EVAC AREA 1","Output Object",4,7
150,9,1,"IG AREA 2","Input Group",2,3
150,10,2,"Activated","Input Group State",2
150,11,3,"ON","Action",1
150,12,4,"BEACONS AREA 2","Output Object",4,3
150,13,4,"VA EVAC AREA 2","Output Object",4,8
150,14,3,"ON","Action",1
150,15,4,"VA ALERT AREA 1","Output Object",4,12
150,16,4,"VA ALERT AREA 3","Output Object",4,14
150,17,4,"VA ALERT AREA 4","Output Object",4,15
150,18,3,"5 mins->ON","Action",3
150,19,4,"ALL EVAC MSGS","Output Object",5,3
150,20,4,"ALL BEACONS","Output Object",5,5
150,21,1,"IG AREA 3","Input Group",2,4
150,22,2,"Activated","Input Group State",2
150,23,3,"ON","Action",1
150,24,4,"BEACONS AREA 3","Output Object",4,4
150,25,4,"VA EVAC AREA 3","Output Object",4,9
150,26,3,"ON","Action",1
150,27,4,"VA ALERT AREA 2","Output Object",4,13
150,28,4,"VA ALERT AREA 4","Output Object",4,15
150,29,4,"VA ALERT AREA 5","Output Object",4,16
150,30,3,"5 mins->ON","Action",3
150,31,4,"ALL EVAC MSGS","Output Object",5,3
150,32,4,"ALL BEACONS","Output Object",5,5
150,33,1,"IG AREA 4","Input Group",2,5
150,34,2,"Activated","Input Group State",2
150,35,3,"ON","Action",1
150,36,4,"BEACONS AREA 4","Output Object",4,5
150,37,4,"VA EVAC AREA 4","Output Object",4,10
150,38,3,"ON","Action",1
150,39,4,"VA ALERT AREA 2","Output Object",4,13
150,40,4,"VA ALERT AREA 3","Output Object",4,14
150,41,4,"VA ALERT AREA 5","Output Object",4,16
150,42,3,"5 mins->ON","Action",3
150,43,4,"ALL EVAC MSGS","Output Object",5,3
150,44,4,"ALL BEACONS","Output Object",5,5
150,45,1,"IG AREA 5","Input Group",2,6
150,46,2,"Activated","Input Group State",2
150,47,3,"ON","Action",1
150,48,4,"BEACONS AREA 5","Output Object",4,6
150,49,4,"VA EVAC AREA 5","Output Object",4,11
150,50,3,"ON","Action",1
150,51,4,"VA ALERT AREA 3","Output Object",4,14
150,52,4,"VA ALERT AREA 4","Output Object",4,15
150,53,3,"5 mins->ON","Action",3
150,54,4,"ALL EVAC MSGS","Output Object",5,3
150,55,4,"ALL BEACONS","Output Object",5,5
150,56,4,"ALL BEACONS","Output Object",5,5
150,57,4,"ALL BEACONS","Output Object",5,5
150,58,0,"VOICE SOUNDERS","C & E Block"
150,59,1,"IG AREA 1","Input Group",2,2
150,60,2,"Activated","Input Group State",2
150,61,3,"5 mins->ON","Action",3
150,62,4,"VOICE SOUNDER A5","Output Object",4,28
150,63,1,"IG AREA 2","Input Group",2,3
150,64,2,"Activated","Input Group State",2
150,65,3,"5 mins->ON","Action",3
150,66,4,"VOICE SOUNDER A5","Output Object",4,28
150,67,1,"IG AREA 3","Input Group",2,4
150,68,2,"Activated","Input Group State",2
150,69,3,"Simple Pulse","Action",2
150,70,4,"VOICE SOUNDER A5","Output Object",4,28
150,71,3,"5 mins->ON","Action",3
150,72,4,"VOICE SOUNDER A5","Output Object",4,28
150,73,1,"IG AREA 4","Input Group",2,5
150,74,2,"Activated","Input Group State",2
150,75,3,"Simple Pulse","Action",2
150,76,4,"VOICE SOUNDER A5","Output Object",4,28
150,77,3,"5 mins->ON","Action",3
150,78,4,"VOICE SOUNDER A5","Output Object",4,28
150,79,1,"IG AREA 5","Input Group",2,6
150,80,2,"Activated","Input Group State",2
150,81,3,"ON","Action",1
150,82,4,"VOICE SOUNDER A5","Output Object",4,28
150,83,0,"MAN CENTRE","C & E Block"
150,84,1,"ANY INPUT DEVICE","Input Group",3,1
150,85,2,"Activated","Input Group State",2
150,86,3,"ON","Action",1
150,87,4,"REDCARE","Output Object",4,17
150,88,0,"FRONT GATE","C & E Block"
150,89,1,"ANY INPUT DEVICE","Input Group",3,1
150,90,2,"Activated","Input Group State",2
150,91,3,"ON","Action",1
150,92,4,"EXT.FRONT GATE","Output Object",4,18
150,93,0,"AIR CONDITIONING","C & E Block"
150,94,1,"ANY INPUT DEVICE","Input Group",3,1
150,95,2,"Activated","Input Group State",2
150,96,3,"ON","Action",1
150,97,4,"AIR CON.","Output Object",4,27
150,98,0,"AREA1 LIFT","C & E Block"
150,99,1,"IG AREA 1","Input Group",2,2
150,100,2,"Activated","Input Group State",2
150,101,3,"ON","Action",1
150,102,4,"LIFT","Output Object",4,20
150,103,0,"MEET RM SPEAKS","C & E Block"
150,104,1,"IG AREA 1","Input Group",2,2
150,105,2,"Activated","Input Group State",2
150,106,3,"ON","Action",1
150,107,4,"MEET RM SPEAKERS","Output Object",4,21
150,108,0,"AREA 1 DOORS","C & E Block"
150,109,1,"IG AREA 1","Input Group",2,2
150,110,2,"Activated","Input Group State",2
150,111,3,"ON","Action",1
150,112,4,"AREA 1 PAXTON","Output Object",4,22
150,113,4,"AREA 1/2 PAXTON","Output Object",4,1
150,114,4,"MAIN OFF.DOORS","Output Object",4,19
150,115,0,"AREA 2 DOORS","C & E Block"
150,116,1,"IG AREA 2","Input Group",2,3
150,117,2,"Activated","Input Group State",2
150,118,3,"ON","Action",1
150,119,4,"AREA 2 PAXTON","Output Object",4,23
150,120,4,"AREA 1/2 PAXTON","Output Object",4,1
150,121,0,"AREA 3 DOORS","C & E Block"
150,122,1,"IG AREA 3","Input Group",2,4
150,123,2,"Activated","Input Group State",2
150,124,3,"ON","Action",1
150,125,4,"AREA 3 PAXTON","Output Object",4,24
150,126,0,"AREA 4 DOORS","C & E Block"
150,127,1,"IG AREA 4","Input Group",2,5
150,128,2,"Activated","Input Group State",2
150,129,3,"ON","Action",1
150,130,4,"AREA 4 PAXTON","Output Object",4,25
150,131,0,"AREA 5 DOORS","C & E Block"
150,132,1,"IG AREA 5","Input Group",2,6
150,133,2,"Activated","Input Group State",2
150,134,3,"ON","Action",1
150,135,4,"AREA 5 PAXTON","Output Object",4,26
150,136,0,"TEMP TEST DETECTORS","C & E Block"
150,137,1,"IG TEST DETECTOR","Input Group",2,1
150,138,2,"Activated","Input Group State",2
150,139,3,"ON","Action",1
150,140,4,"ALL BEACONS","Output Object",5,5
150,END,1,45868
300,BEGIN,1
300,1,"\images\logo.gif"
300,2,0,48,71,73,70,56,57,97,76,0,108,0,179,0,0,0,255,0,255,255,255,32,32,64,96,32,64,224,32,64,160,32,64,96,96,64,160,128,128,255,251,240,64,64,64,192,192,192,128,128,
300,2,48,48,128,160,160,164,255,255,255,255,255,255,255,255,255,33,249,4,1,0,0,0,0,44,0,0,0,0,76,0,108,0,0,4,255,16,200,73,65,18,56,235,205,187,255,158,81,141,164,145,
300,2,96,48,13,104,170,174,108,235,190,110,38,146,149,89,16,120,174,239,124,239,255,64,221,64,48,163,9,6,193,164,114,169,28,26,111,204,168,52,90,16,140,4,208,169,118,235,171,82,12,72,
300,2,144,48,174,120,140,27,20,5,228,180,216,10,48,100,213,112,166,25,128,142,219,153,214,250,125,15,20,92,248,99,43,74,24,97,128,83,9,8,1,138,138,10,111,61,67,133,134,75,2,137,
300,2,192,48,139,150,8,65,144,146,75,3,149,150,159,12,64,154,155,64,5,12,159,168,139,142,66,71,164,93,6,169,177,1,145,59,163,174,58,9,178,178,122,60,182,183,157,186,178,6,63,190,
300,2,240,48,155,166,193,186,195,62,197,134,11,200,193,11,196,173,155,185,207,193,7,210,180,119,192,214,11,67,177,216,203,211,123,199,214,8,133,2,169,225,143,227,113,5,7,214,138,202,57,5,
300,2,288,48,234,217,119,213,214,7,171,3,246,226,218,107,60,33,83,0,144,0,44,84,235,122,181,19,51,64,65,188,115,64,14,126,74,88,107,161,150,2,206,226,37,72,34,209,18,69,86,5,
300,2,336,48,255,153,228,123,182,96,85,143,142,139,62,230,96,38,199,161,53,130,76,80,42,218,248,239,34,188,120,33,187,160,82,32,202,98,146,145,200,230,73,121,183,40,90,207,156,189,4,94,
300,2,384,48,51,185,135,101,15,162,230,144,218,113,186,67,166,46,154,183,8,80,197,1,20,26,83,73,84,11,184,124,6,51,43,200,101,15,165,130,245,73,64,169,48,179,53,121,116,85,247,213,
300,2,432,48,44,203,177,178,212,254,242,137,55,149,222,189,0,251,162,250,235,138,165,213,79,88,225,178,3,88,15,25,68,197,10,11,30,70,197,160,110,97,182,6,227,149,132,92,6,179,86,183,
300,2,480,48,178,18,219,245,140,35,227,179,199,163,213,54,140,87,57,181,200,120,1,54,95,38,140,17,182,232,161,41,146,108,93,38,88,22,106,42,159,132,70,222,130,40,222,62,41,130,67,238,
300,2,528,48,14,50,247,45,167,84,70,23,143,169,173,81,201,92,149,157,9,255,40,71,22,169,85,236,90,73,71,225,70,242,235,247,123,113,138,91,187,141,227,124,92,59,205,83,253,110,239,79,
300,2,576,48,58,57,211,200,142,231,112,111,159,15,212,103,110,224,112,211,255,68,232,25,178,90,55,248,121,84,32,88,160,193,6,222,114,233,193,134,208,130,164,80,39,97,0,15,138,71,206,41,
300,2,624,48,18,102,168,93,28,228,1,72,33,92,147,161,194,94,118,156,173,212,224,39,95,65,72,74,137,1,8,87,209,135,128,28,72,89,38,26,102,53,0,135,139,200,56,92,138,93,160,128,
300,2,672,48,69,19,57,2,169,91,145,70,30,149,36,25,46,46,153,77,1,80,70,41,229,148,84,86,105,229,149,88,102,89,229,16,32,116,233,229,151,96,134,73,196,133,100,150,9,155,9,48,
300,2,720,48,154,169,38,153,104,174,233,230,155,49,142,9,231,156,108,202,121,205,6,3,162,98,192,158,124,246,185,167,60,126,242,153,138,2,38,200,224,86,155,201,120,176,75,151,138,124,240,9,
300,2,768,48,2,33,232,105,103,42,25,228,25,0,143,193,96,64,105,58,186,48,128,129,122,138,32,112,232,164,136,105,106,166,169,159,160,42,31,6,152,38,122,152,2,170,146,25,107,163,156,198,
300,2,816,48,130,65,130,174,218,42,128,165,23,206,26,128,175,161,2,27,11,162,168,8,27,143,175,194,154,16,95,42,196,166,90,235,188,169,207,46,130,193,1,212,86,203,225,180,103,146,202,136,
300,2,864,48,177,214,32,219,193,65,24,244,38,140,182,1,192,26,109,42,12,164,171,110,177,231,254,218,46,173,188,230,186,41,50,28,176,59,175,174,184,202,203,238,138,221,182,43,236,2,220,34,
300,2,912,48,70,71,44,23,188,123,172,191,6,187,203,111,170,3,175,42,64,171,18,122,123,85,192,210,210,33,46,192,2,228,219,239,189,139,82,50,16,27,6,99,236,199,2,7,20,186,49,187,
300,2,960,48,29,140,5,169,12,212,154,144,32,27,22,251,86,240,6,39,59,155,242,68,223,90,226,41,5,9,47,162,128,184,116,198,130,128,184,48,79,208,115,208,115,22,205,51,208,72,187,9,
300,2,1008,31,43,13,18,144,219,244,154,23,64,205,115,198,76,79,29,140,2,24,91,109,132,152,96,135,157,129,213,17,0,0,59,
300,3,58144
300,END,1,3179
301,BEGIN,1
301,1,"\Client.txt"
301,2,0,13,"Object Client"
301,2,1,6,"Name ="
301,2,2,12,"Memo Address"
301,2,3,8,"End Memo"
301,2,4,11,"Post Code ="
301,2,5,10,"Tel. No. ="
301,2,6,10,"End Object"
301,3,6099
301,END,1,12966
301,BEGIN,1
301,1,"\Installr.txt"
301,2,0,16,"Object Installer"
301,2,1,6,"Name ="
301,2,2,12,"Memo Address"
301,2,3,8,"End Memo"
301,2,4,11,"Post Code ="
301,2,5,10,"Tel. No. ="
301,2,6,10,"End Object"
301,3,6434
301,END,1,13536
301,BEGIN,1
301,1,"\SNotes.txt"
301,2,0,15,"Memo Site Notes"
301,2,1,158,"//   P1/L2/15 (IG AREA 1) AND P1/L3L10 (IG AREA 4) TEMPORARILY PUT INTO THERE OWN TEST IG DUE TO FALSE ALARMING? THIS GROUP CAUSES ALL BEACONS TO TRIGGER ONLY"
301,2,2,2,"//"
301,2,3,90,"//   1/5/13. changed node 3&4 to be compact controllers and resent data to those repeaters"
301,2,4,2,"//"
301,2,5,72,"//   12.2.14 PUT THE ABOVE DEVICES BACK INTO THEIR ORIGINAL INPUT GROUP."
301,2,6,77,"//   P1/L3 DEVICES 1-10 CHANGED TO MULTI SENSORS BY PHIL FARREL/JACK ROBERTS?"
301,2,7,116,"//   UPDATED THIS ON THE CONFIG FILE (SOME TEXT APPEARED TO BE DIFFERENT FROM ORIGINAL FILE? TEXT TO BE CHECKED!!!!!"
301,2,8,54,"//  26.4.14 LOCATED ABOVE DEVICES AND TEXT ACCORDINGLY"
301,2,9,39,"//   24/2/14 UPDATED BOOT / LOOP LOADER"
301,2,10,2,"//"
301,2,11,2,"//"
301,2,12,2,"//"
301,2,13,2,"//"
301,2,14,2,"//"
301,2,15,8,"End Memo"
301,3,43365
301,END,1,56478
