200,IAM,1,9A58,1
120,BEGIN,1
120,25,1,
120,2,0,1
120,20,1,1,1,1,1,1,1,1,1,1,1,1,1,0,
120,1,0,1
120,END,1,3640
80,BEGIN,1
80,0,4
80,1,1,1,99
80,2,10,0,5,5,0
80,3,Maintenance is due
80,4,Panel 1
80,6,0
80,7,9A58,9A09,0-00
80,8,4,0,1
80,9,0
80,10,0
80,11,0
80,12,3333,4444
80,14,1
80,15,120
80,16,1,Loop 1 
80,16,2,Loop 2 
80,16,3,Lp:3   
80,16,4,Lp:4   
80,16,5,       
80,16,6,       
80,16,7,       
80,16,8,       
80,16,9,System 
80,16,10,A-Bus  
80,16,11,A-Bus  
80,END,1,18334
17,BEGIN,1
17,1,All Input Device,0,1,
17,2,Class Change   ,0,1,
17,3,Alert          ,0,1,
17,END,1,5606
18,BEGIN,1
18,1,All Output Devic,0,1,
18,2,Relay 1        ,0,1,
18,3,Relay 2        ,0,1,
18,END,1,5295
19,BEGIN,1
19,END,1,612
81,BEGIN,1
81,END,1,611
90,BEGIN,1
90,END,1,611
100,BEGIN,1
100,1,MEADOW PARK FRONT  ,0,1,
100,2,MEADOW PARK REAR   ,0,1,
100,3,BLUEBELL PARK FRONT,0,1,
100,4,BLUEBELL PARK REAR ,0,1,
100,5,DAFFODIL PARK FRONT,0,1,
100,6,STAFF AREAS        ,0,1,
100,7,PLANT ROOM         ,0,1,
100,8,TREETOPS           ,0,1,
100,9,LIFT SHAFT         ,0,1,
100,END,1,16020
151,BEGIN,1
151,END,1,658
152,BEGIN,1
152,0,OFF            ,0,1,
152,1,ON             ,0,1,
152,2,Simple Pulse   ,0,1,
152,3,Mode Change    ,0,1,
152,4,Enable Input   ,0,1,
152,5,Enable Output  ,0,1,
152,6,Enable Zone    ,0,1,
152,7,Disable Input  ,0,1,
152,8,Disable Output ,0,1,
152,9,Disable Zone   ,0,1,
152,10,fred           ,0,1,
152,END,1,18783
153,BEGIN,1
153,1,fred           ,0,1,
153,2,Joe            ,0,1,
153,END,1,3194
160,BEGIN,1
160,END,1,658
20,BEGIN,1
20,9,1,258,206,1,64,0,0,6,0,0,0,0,0,0,0,0,0,0,0,0,0,0,0,0,0,0,0,0,0,0,0,0
20,9,2,258,206,1,64,0,0,6,1,0,0,0,0,0,0,0,0,0,0,0,0,0,0,0,0,0,0,0,0,0,0,0
20,9,3,259,206,2,64,0,0,6,0,0,0,0,0,0,0,0,0,0,0,0,0,0,0,0,0,0,0,0,0,0,0,0
20,9,4,259,206,3,64,0,0,6,1,0,0,0,0,0,0,0,0,0,0,0,0,0,0,0,0,0,0,0,0,0,0,0
20,9,5,267,205,0,0,0,0,4,0,0,1,0,0,0,0,0,0,0,0,0,0,0,0,0,0,0,0,0,0,0,32,0
20,9,6,257,206,0,0,0,0,0,0,0,0,0,0,0,0,0,0,0,0,0,0,0,0,0,0,0,0,0,0,0,32,0
20,9,7,262,0,0,0,0,0,6,0,0,0,0,0,0,0,0,0,0,0,0,0,0,0,0,0,0,0,0,0,0,32,0
20,9,8,263,206,0,0,0,0,6,0,0,0,0,0,0,0,0,0,0,0,0,0,0,0,0,0,0,0,0,0,0,32,0
20,9,9,264,205,0,0,0,0,4,0,0,0,0,0,0,0,0,0,0,0,0,0,0,0,0,0,0,0,0,0,0,32,0
20,9,10,265,205,0,0,0,0,1,0,0,0,0,0,0,0,0,0,0,0,0,0,0,0,0,0,0,0,0,0,0,0,0
20,9,11,274,205,0,0,0,0,4,0,0,0,0,0,0,0,0,0,0,0,0,0,0,0,0,0,0,0,0,0,0,32,0
20,9,12,278,206,2,0,0,0,4,0,100,0,0,0,0,0,0,0,0,0,0,0,0,0,0,0,0,0,0,0,0,0,0
20,9,13,278,206,3,0,0,0,4,1,100,0,0,0,0,0,0,0,0,0,0,0,0,0,0,0,0,0,0,0,0,0,0
20,9,14,278,206,0,0,0,0,4,2,100,0,0,0,0,0,0,0,0,0,0,0,0,0,0,0,0,0,0,0,0,0,0
20,9,15,278,206,0,0,0,0,4,3,100,0,0,0,0,0,0,0,0,0,0,0,0,0,0,0,0,0,0,0,0,0,0
20,9,16,279,206,0,0,0,0,0,1,0,0,0,0,0,0,0,0,0,0,0,0,0,0,0,0,0,0,0,0,0,0,0
20,1,1,8,2,1,1,1,1,0,0,0,0,0,0,0,0,0,0,0,0,0,0,0,6,0,0,0,0,0,0,0,0,0
20,1,2,20,2,0,1,0,0,64,0,0,0,0,1,6,100,100,100,100,0,0,0,0,0,0,0,0,0,0,0,0,0,0
20,1,3,8,2,1,1,1,1,0,0,0,0,0,0,0,0,0,0,0,0,0,0,0,6,0,0,0,0,0,0,0,0,0
20,1,4,20,2,0,1,0,0,64,0,0,0,0,1,6,100,100,100,100,0,0,0,0,0,0,0,0,0,0,0,0,0,0
20,1,5,20,2,0,1,0,0,64,0,0,0,0,1,6,100,100,100,100,0,0,0,0,0,0,0,0,0,0,0,0,0,0
20,1,6,8,2,1,1,1,1,0,0,0,0,0,0,0,0,0,0,0,0,0,0,0,6,0,0,0,0,0,0,0,0,0
20,1,7,8,2,1,1,1,1,0,0,0,0,0,0,0,0,0,0,0,0,0,0,0,6,0,0,0,0,0,0,0,0,0
20,1,8,20,2,0,1,0,0,64,0,0,0,0,1,6,100,100,100,100,0,0,0,0,0,0,0,0,0,0,0,0,0,0
20,1,9,20,2,0,1,0,0,64,0,0,0,0,1,6,100,100,100,100,0,0,0,0,0,0,0,0,0,0,0,0,0,0
20,1,10,8,2,1,1,1,1,0,0,0,0,0,0,0,0,0,0,0,0,0,0,0,6,0,0,0,0,0,0,0,0,0
20,1,11,8,2,1,1,1,1,0,0,0,0,0,0,0,0,0,0,0,0,0,0,0,6,0,0,0,0,0,0,0,0,0
20,1,12,20,2,0,1,0,0,64,0,0,0,0,1,6,100,100,100,100,0,0,0,0,0,0,0,0,0,0,0,0,0,0
20,1,13,20,2,0,1,0,0,64,0,0,0,0,1,6,100,100,100,100,0,0,0,0,0,0,0,0,0,0,0,0,0,0
20,1,14,8,2,1,1,1,1,0,0,0,0,0,0,0,0,0,0,0,0,0,0,0,6,0,0,0,0,0,0,0,0,0
20,1,15,8,2,1,1,1,1,0,0,0,0,0,0,0,0,0,0,0,0,0,0,0,6,0,0,0,0,0,0,0,0,0
20,1,16,20,2,0,1,0,0,64,0,0,0,0,1,6,100,100,100,100,0,0,0,0,0,0,0,0,0,0,0,0,0,0
20,1,17,20,2,0,1,0,0,64,0,0,0,0,1,6,100,100,100,100,0,0,0,0,0,0,0,0,0,0,0,0,0,0
20,1,18,48,2,0,1,64,1,72,0,0,0,0,6,6,113,113,113,113,0,0,0,0,0,0,0,0,0,0,0,0,4,0
20,1,19,31,2,1,0,0,0,1,0,0,0,0,0,0,0,0,0,0,0,0,0,0,0,0,0,0,0,0,0,0,0,0
20,1,20,8,2,1,1,1,1,0,0,0,0,0,0,0,0,0,0,0,0,0,0,0,6,0,0,0,0,0,0,0,0,0
20,1,21,20,2,0,1,0,0,64,0,0,0,0,1,6,100,100,100,100,0,0,0,0,0,0,0,0,0,0,0,0,0,0
20,1,22,20,2,0,1,0,0,64,0,0,0,0,1,6,100,100,100,100,0,0,0,0,0,0,0,0,0,0,0,0,0,0
20,1,23,8,2,1,1,1,1,0,0,0,0,0,0,0,0,0,0,0,0,0,0,0,6,0,0,0,0,0,0,0,0,0
20,1,24,8,2,1,1,1,1,0,0,0,0,0,0,0,0,0,0,0,0,0,0,0,6,0,0,0,0,0,0,0,0,0
20,1,25,20,2,0,1,0,0,64,0,0,0,0,1,6,100,100,100,100,0,0,0,0,0,0,0,0,0,0,0,0,0,0
20,1,26,31,2,1,0,0,0,1,0,0,0,0,0,0,0,0,0,0,0,0,0,0,0,0,0,0,0,0,0,0,0,0
20,1,27,20,2,0,1,0,0,64,0,0,0,0,1,6,100,100,100,100,0,0,0,0,0,0,0,0,0,0,0,0,0,0
20,1,28,48,2,0,1,64,1,72,0,0,0,0,6,6,113,113,113,113,0,0,0,0,0,0,0,0,0,0,0,0,4,0
20,1,29,8,2,1,1,1,1,0,0,0,0,0,0,0,0,0,0,0,0,0,0,0,6,0,0,0,0,0,0,0,0,0
20,1,30,20,2,0,1,0,0,64,0,0,0,0,1,6,100,100,100,100,0,0,0,0,0,0,0,0,0,0,0,0,0,0
20,1,31,31,2,1,0,0,0,1,0,0,0,0,0,0,0,0,0,0,0,0,0,0,0,0,0,0,0,0,0,0,0,0
20,1,32,20,2,0,1,0,0,64,0,0,0,0,1,6,100,100,100,100,0,0,0,0,0,0,0,0,0,0,0,0,0,0
20,1,33,48,2,0,1,64,1,72,0,0,0,0,6,6,113,113,113,113,0,0,0,0,0,0,0,0,0,0,0,0,4,0
20,1,34,20,2,0,1,0,0,64,0,0,0,0,1,6,100,100,100,100,0,0,0,0,0,0,0,0,0,0,0,0,0,0
20,1,35,8,2,1,1,1,1,0,0,0,0,0,0,0,0,0,0,0,0,0,0,0,6,0,0,0,0,0,0,0,0,0
20,1,36,8,2,1,1,1,1,0,0,0,0,0,0,0,0,0,0,0,0,0,0,0,6,0,0,0,0,0,0,0,0,0
20,1,37,20,2,0,1,0,0,64,0,0,0,0,1,6,100,100,100,100,0,0,0,0,0,0,0,0,0,0,0,0,0,0
20,1,38,20,2,0,1,0,0,64,0,0,0,0,1,6,100,100,100,100,0,0,0,0,0,0,0,0,0,0,0,0,0,0
20,1,39,8,2,1,1,1,1,0,0,0,0,0,0,0,0,0,0,0,0,0,0,0,6,0,0,0,0,0,0,0,0,0
20,1,40,20,2,0,1,0,0,64,0,0,0,0,1,6,100,100,100,100,0,0,0,0,0,0,0,0,0,0,0,0,0,0
20,1,41,8,2,1,1,1,1,0,0,0,0,0,0,0,0,0,0,0,0,0,0,0,6,0,0,0,0,0,0,0,0,0
20,1,42,20,2,0,1,0,0,64,0,0,0,0,1,6,100,100,100,100,0,0,0,0,0,0,0,0,0,0,0,0,0,0
20,1,43,48,2,0,1,64,1,72,0,0,0,0,6,6,113,113,113,113,0,0,0,0,0,0,0,0,0,0,0,0,4,0
20,1,44,20,2,0,1,0,0,64,0,0,0,0,1,6,100,100,100,100,0,0,0,0,0,0,0,0,0,0,0,0,0,0
20,1,45,48,2,0,1,64,1,72,0,0,0,0,6,6,113,113,113,113,0,0,0,0,0,0,0,0,0,0,0,0,4,0
20,1,46,8,2,1,1,1,1,0,0,0,0,0,0,0,0,0,0,0,0,0,0,0,6,0,0,0,0,0,0,0,0,0
20,1,47,20,4,0,1,0,0,64,0,0,0,0,1,6,100,100,100,100,0,0,0,0,0,0,0,0,0,0,0,0,0,0
20,1,48,8,4,1,1,1,1,0,0,0,0,0,0,0,0,0,0,0,0,0,0,0,6,0,0,0,0,0,0,0,0,0
20,1,49,20,4,0,1,0,0,64,0,0,0,0,1,6,100,100,100,100,0,0,0,0,0,0,0,0,0,0,0,0,0,0
20,1,50,8,4,1,1,1,1,0,0,0,0,0,0,0,0,0,0,0,0,0,0,0,6,0,0,0,0,0,0,0,0,0
20,1,51,20,4,0,1,0,0,64,0,0,0,0,1,6,100,100,100,100,0,0,0,0,0,0,0,0,0,0,0,0,0,0
20,1,52,8,4,1,1,1,1,0,0,0,0,0,0,0,0,0,0,0,0,0,0,0,6,0,0,0,0,0,0,0,0,0
20,1,53,8,4,1,1,1,1,0,0,0,0,0,0,0,0,0,0,0,0,0,0,0,6,0,0,0,0,0,0,0,0,0
20,1,54,20,4,0,1,0,0,64,0,0,0,0,1,6,100,100,100,100,0,0,0,0,0,0,0,0,0,0,0,0,0,0
20,1,55,20,4,0,1,0,0,64,0,0,0,0,1,6,100,100,100,100,0,0,0,0,0,0,0,0,0,0,0,0,0,0
20,1,56,48,4,0,1,64,1,72,0,0,0,0,6,6,113,113,113,113,0,0,0,0,0,0,0,0,0,0,0,0,4,0
20,1,57,20,4,0,1,0,0,64,0,0,0,0,1,6,100,100,100,100,0,0,0,0,0,0,0,0,0,0,0,0,0,0
20,1,58,8,4,1,1,1,1,0,0,0,0,0,0,0,0,0,0,0,0,0,0,0,6,0,0,0,0,0,0,0,0,0
20,1,59,31,4,1,0,0,0,1,0,0,0,0,0,0,0,0,0,0,0,0,0,0,0,0,0,0,0,0,0,0,0,0
20,1,60,8,4,1,1,1,1,0,0,0,0,0,0,0,0,0,0,0,0,0,0,0,6,0,0,0,0,0,0,0,0,0
20,1,61,20,4,0,1,0,0,64,0,0,0,0,1,6,100,100,100,100,0,0,0,0,0,0,0,0,0,0,0,0,0,0
20,1,62,20,4,0,1,0,0,64,0,0,0,0,1,6,100,100,100,100,0,0,0,0,0,0,0,0,0,0,0,0,0,0
20,1,63,8,4,1,1,1,1,0,0,0,0,0,0,0,0,0,0,0,0,0,0,0,6,0,0,0,0,0,0,0,0,0
20,1,64,8,4,1,1,1,1,0,0,0,0,0,0,0,0,0,0,0,0,0,0,0,6,0,0,0,0,0,0,0,0,0
20,1,65,20,4,0,1,0,0,64,0,0,0,0,1,6,100,100,100,100,0,0,0,0,0,0,0,0,0,0,0,0,0,0
20,1,66,20,4,0,1,0,0,64,0,0,0,0,1,6,100,100,100,100,0,0,0,0,0,0,0,0,0,0,0,0,0,0
20,1,67,48,4,0,1,64,1,72,0,0,0,0,6,6,113,113,113,113,0,0,0,0,0,0,0,0,0,0,0,0,4,0
20,1,68,8,4,1,1,1,1,0,0,0,0,0,0,0,0,0,0,0,0,0,0,0,6,0,0,0,0,0,0,0,0,0
20,1,69,20,4,0,1,0,0,64,0,0,0,0,1,6,100,100,100,100,0,0,0,0,0,0,0,0,0,0,0,0,0,0
20,1,70,20,4,0,1,0,0,64,0,0,0,0,1,6,100,100,100,100,0,0,0,0,0,0,0,0,0,0,0,0,0,0
20,1,71,8,4,1,1,1,1,0,0,0,0,0,0,0,0,0,0,0,0,0,0,0,6,0,0,0,0,0,0,0,0,0
20,1,72,20,4,0,1,0,0,64,0,0,0,0,1,6,100,100,100,100,0,0,0,0,0,0,0,0,0,0,0,0,0,0
20,1,73,8,4,1,1,1,1,0,0,0,0,0,0,0,0,0,0,0,0,0,0,0,6,0,0,0,0,0,0,0,0,0
20,1,74,8,4,1,1,1,1,0,0,0,0,0,0,0,0,0,0,0,0,0,0,0,6,0,0,0,0,0,0,0,0,0
20,1,75,20,4,0,1,0,0,64,0,0,0,0,1,6,100,100,100,100,0,0,0,0,0,0,0,0,0,0,0,0,0,0
20,1,76,20,4,0,1,0,0,64,0,0,0,0,1,6,100,100,100,100,0,0,0,0,0,0,0,0,0,0,0,0,0,0
20,1,77,8,4,1,1,1,1,0,0,0,0,0,0,0,0,0,0,0,0,0,0,0,6,0,0,0,0,0,0,0,0,0
20,1,78,8,4,1,1,1,1,0,0,0,0,0,0,0,0,0,0,0,0,0,0,0,6,0,0,0,0,0,0,0,0,0
20,1,79,20,4,0,1,0,0,64,0,0,0,0,1,6,100,100,100,100,0,0,0,0,0,0,0,0,0,0,0,0,0,0
20,1,80,20,4,0,1,0,0,64,0,0,0,0,1,6,100,100,100,100,0,0,0,0,0,0,0,0,0,0,0,0,0,0
20,1,81,8,4,1,1,1,1,0,0,0,0,0,0,0,0,0,0,0,0,0,0,0,6,0,0,0,0,0,0,0,0,0
20,1,82,8,4,1,1,1,1,0,0,0,0,0,0,0,0,0,0,0,0,0,0,0,6,0,0,0,0,0,0,0,0,0
20,1,83,20,4,0,1,0,0,64,0,0,0,0,1,6,100,100,100,100,0,0,0,0,0,0,0,0,0,0,0,0,0,0
20,1,84,20,4,0,1,0,0,64,0,0,0,0,1,6,100,100,100,100,0,0,0,0,0,0,0,0,0,0,0,0,0,0
20,1,85,48,4,0,1,64,1,72,0,0,0,0,6,6,113,113,113,113,0,0,0,0,0,0,0,0,0,0,0,0,4,0
20,1,86,20,4,0,1,0,0,64,0,0,0,0,1,6,100,100,100,100,0,0,0,0,0,0,0,0,0,0,0,0,0,0
20,1,87,48,4,0,1,64,1,72,0,0,0,0,6,6,113,113,113,113,0,0,0,0,0,0,0,0,0,0,0,0,4,0
20,1,88,20,4,0,1,0,0,64,0,0,0,0,1,6,100,100,100,100,0,0,0,0,0,0,0,0,0,0,0,0,0,0
20,1,89,48,4,0,1,64,1,72,0,0,0,0,6,6,113,113,113,113,0,0,0,0,0,0,0,0,0,0,0,0,4,0
20,1,90,8,2,1,1,1,1,0,0,0,0,0,0,0,0,0,0,0,0,0,0,0,6,0,0,0,0,0,0,0,0,0
20,1,91,20,2,0,1,0,0,64,0,0,0,0,1,6,100,100,100,100,0,0,0,0,0,0,0,0,0,0,0,0,0,0
20,1,92,20,2,0,1,0,0,64,0,0,0,0,1,6,100,100,100,100,0,0,0,0,0,0,0,0,0,0,0,0,0,0
20,1,93,8,4,1,1,1,1,0,0,0,0,0,0,0,0,0,0,0,0,0,0,0,6,0,0,0,0,0,0,0,0,0
20,1,94,8,4,1,1,1,1,0,0,0,0,0,0,0,0,0,0,0,0,0,0,0,6,0,0,0,0,0,0,0,0,0
20,1,96,4,1,0,1,64,1,72,0,0,0,0,6,6,0,0,0,0,0,0,0,0,0,0,0,0,0,0,0,0,0,0
20,1,97,20,1,0,1,0,0,64,0,0,0,0,1,6,100,100,100,100,0,0,0,0,0,0,0,0,0,0,0,0,0,0
20,2,1,8,3,1,1,1,1,0,0,0,0,0,0,0,0,0,0,0,0,0,0,0,6,0,0,0,0,0,0,0,0,0
20,2,2,20,1,0,1,0,0,64,0,0,0,0,1,6,100,100,100,100,0,0,0,0,0,0,0,0,0,0,0,0,0,0
20,2,3,48,1,0,1,64,1,72,0,0,0,0,6,6,113,113,113,113,0,0,0,0,0,0,0,0,0,0,0,0,4,0
20,2,4,20,1,0,1,0,0,64,0,0,0,0,1,6,100,100,100,100,0,0,0,0,0,0,0,0,0,0,0,0,0,0
20,2,5,20,1,0,1,0,0,64,0,0,0,0,1,6,100,100,100,100,0,0,0,0,0,0,0,0,0,0,0,0,0,0
20,2,6,20,1,0,1,0,0,64,0,0,0,0,1,6,100,100,100,100,0,0,0,0,0,0,0,0,0,0,0,0,0,0
20,2,7,48,1,0,1,64,1,72,0,0,0,0,6,6,113,113,113,113,0,0,0,0,0,0,0,0,0,0,0,0,4,0
20,2,8,20,1,0,1,0,0,64,0,0,0,0,1,6,100,100,100,100,0,0,0,0,0,0,0,0,0,0,0,0,0,0
20,2,9,8,1,1,1,1,1,0,0,0,0,0,0,0,0,0,0,0,0,0,0,0,6,0,0,0,0,0,0,0,0,0
20,2,10,8,1,1,1,1,1,0,0,0,0,0,0,0,0,0,0,0,0,0,0,0,6,0,0,0,0,0,0,0,0,0
20,2,11,20,1,0,1,0,0,64,0,0,0,0,1,6,100,100,100,100,0,0,0,0,0,0,0,0,0,0,0,0,0,0
20,2,12,20,1,0,1,0,0,64,0,0,0,0,1,6,100,100,100,100,0,0,0,0,0,0,0,0,0,0,0,0,0,0
20,2,13,8,1,1,1,1,1,0,0,0,0,0,0,0,0,0,0,0,0,0,0,0,6,0,0,0,0,0,0,0,0,0
20,2,14,8,1,1,1,1,1,0,0,0,0,0,0,0,0,0,0,0,0,0,0,0,6,0,0,0,0,0,0,0,0,0
20,2,15,8,1,1,1,1,1,0,0,0,0,0,0,0,0,0,0,0,0,0,0,0,6,0,0,0,0,0,0,0,0,0
20,2,16,20,1,0,1,0,0,64,0,0,0,0,1,6,100,100,100,100,0,0,0,0,0,0,0,0,0,0,0,0,0,0
20,2,17,8,1,1,1,1,1,0,0,0,0,0,0,0,0,0,0,0,0,0,0,0,6,0,0,0,0,0,0,0,0,0
20,2,18,48,1,0,1,64,1,72,0,0,0,0,6,6,113,113,113,113,0,0,0,0,0,0,0,0,0,0,0,0,4,0
20,2,19,20,3,0,1,0,0,64,0,0,0,0,1,6,100,100,100,100,0,0,0,0,0,0,0,0,0,0,0,0,0,0
20,2,20,20,1,0,1,0,0,64,0,0,0,0,1,6,100,100,100,100,0,0,0,0,0,0,0,0,0,0,0,0,0,0
20,2,21,20,1,0,1,0,0,64,0,0,0,0,1,6,100,100,100,100,0,0,0,0,0,0,0,0,0,0,0,0,0,0
20,2,22,48,1,0,1,64,1,72,0,0,0,0,6,6,113,113,113,113,0,0,0,0,0,0,0,0,0,0,0,0,4,0
20,2,23,20,1,0,1,0,0,64,0,0,0,0,1,6,100,100,100,100,0,0,0,0,0,0,0,0,0,0,0,0,0,0
20,2,24,48,1,0,1,64,1,72,0,0,0,0,6,6,113,113,113,113,0,0,0,0,0,0,0,0,0,0,0,0,4,0
20,2,25,8,1,1,1,1,1,0,0,0,0,0,0,0,0,0,0,0,0,0,0,0,6,0,0,0,0,0,0,0,0,0
20,2,26,8,1,1,1,1,1,0,0,0,0,0,0,0,0,0,0,0,0,0,0,0,6,0,0,0,0,0,0,0,0,0
20,2,27,48,1,0,1,64,1,72,0,0,0,0,6,6,113,113,113,113,0,0,0,0,0,0,0,0,0,0,0,0,4,0
20,2,28,48,1,0,1,64,1,72,0,0,0,0,6,6,113,113,113,113,0,0,0,0,0,0,0,0,0,0,0,0,4,0
20,2,29,20,1,0,1,0,0,64,0,0,0,0,1,6,100,100,100,100,0,0,0,0,0,0,0,0,0,0,0,0,0,0
20,2,30,8,3,1,1,1,1,0,0,0,0,0,0,0,0,0,0,0,0,0,0,0,6,0,0,0,0,0,0,0,0,0
20,2,31,8,1,1,1,1,1,0,0,0,0,0,0,0,0,0,0,0,0,0,0,0,6,0,0,0,0,0,0,0,0,0
20,2,32,8,1,1,1,1,1,0,0,0,0,0,0,0,0,0,0,0,0,0,0,0,6,0,0,0,0,0,0,0,0,0
20,2,33,20,1,0,1,0,0,64,0,0,0,0,1,6,100,100,100,100,0,0,0,0,0,0,0,0,0,0,0,0,0,0
20,2,34,48,1,0,1,64,1,72,0,0,0,0,6,6,113,113,113,113,0,0,0,0,0,0,0,0,0,0,0,0,4,0
20,2,35,24,1,0,1,0,0,64,0,0,0,0,1,6,100,100,100,100,0,0,0,0,0,0,0,0,0,0,0,0,0,0
20,2,36,20,1,0,1,0,0,64,0,0,0,0,1,6,100,100,100,100,0,0,0,0,0,0,0,0,0,0,0,0,0,0
20,2,37,8,1,1,1,1,1,0,0,0,0,0,0,0,0,0,0,0,0,0,0,0,6,0,0,0,0,0,0,0,0,0
20,2,38,8,1,1,1,1,1,0,0,0,0,0,0,0,0,0,0,0,0,0,0,0,6,0,0,0,0,0,0,0,0,0
20,2,39,20,1,0,1,0,0,64,0,0,0,0,1,6,100,100,100,100,0,0,0,0,0,0,0,0,0,0,0,0,0,0
20,2,40,8,3,1,1,1,1,0,0,0,0,0,0,0,0,0,0,0,0,0,0,0,6,0,0,0,0,0,0,0,0,0
20,2,41,20,1,0,1,0,0,64,0,0,0,0,1,6,100,100,100,100,0,0,0,0,0,0,0,0,0,0,0,0,0,0
20,2,42,20,1,0,1,0,0,64,0,0,0,0,1,6,100,100,100,100,0,0,0,0,0,0,0,0,0,0,0,0,0,0
20,2,43,31,1,1,0,0,0,1,0,0,0,0,0,0,0,0,0,0,0,0,0,0,0,0,0,0,0,0,0,0,0,0
20,2,44,20,1,0,1,0,0,64,0,0,0,0,1,6,100,100,100,100,0,0,0,0,0,0,0,0,0,0,0,0,0,0
20,2,45,8,1,1,1,1,1,0,0,0,0,0,0,0,0,0,0,0,0,0,0,0,6,0,0,0,0,0,0,0,0,0
20,2,46,8,1,1,1,1,1,0,0,0,0,0,0,0,0,0,0,0,0,0,0,0,6,0,0,0,0,0,0,0,0,0
20,2,47,20,1,0,1,0,0,64,0,0,0,0,1,6,100,100,100,100,0,0,0,0,0,0,0,0,0,0,0,0,0,0
20,2,48,48,1,0,1,64,1,72,0,0,0,0,6,6,113,113,113,113,0,0,0,0,0,0,0,0,0,0,0,0,4,0
20,2,49,20,1,0,1,0,0,64,0,0,0,0,1,6,100,100,100,100,0,0,0,0,0,0,0,0,0,0,0,0,0,0
20,2,50,20,1,0,1,0,0,64,0,0,0,0,1,6,100,100,100,100,0,0,0,0,0,0,0,0,0,0,0,0,0,0
20,2,51,20,1,0,1,0,0,64,0,0,0,0,1,6,100,100,100,100,0,0,0,0,0,0,0,0,0,0,0,0,0,0
20,2,52,20,3,0,1,0,0,64,0,0,0,0,1,6,100,100,100,100,0,0,0,0,0,0,0,0,0,0,0,0,0,0
20,2,53,31,3,1,0,0,0,1,0,0,0,0,0,0,0,0,0,0,0,0,0,0,0,0,0,0,0,0,0,0,0,0
20,2,54,20,3,0,1,0,0,64,0,0,0,0,1,6,100,100,100,100,0,0,0,0,0,0,0,0,0,0,0,0,0,0
20,2,55,48,3,0,1,64,1,72,0,0,0,0,6,6,113,113,113,113,0,0,0,0,0,0,0,0,0,0,0,0,4,0
20,2,56,20,3,0,1,0,0,64,0,0,0,0,1,6,100,100,100,100,0,0,0,0,0,0,0,0,0,0,0,0,0,0
20,2,57,8,3,1,1,1,1,0,0,0,0,0,0,0,0,0,0,0,0,0,0,0,6,0,0,0,0,0,0,0,0,0
20,2,58,8,3,1,1,1,1,0,0,0,0,0,0,0,0,0,0,0,0,0,0,0,6,0,0,0,0,0,0,0,0,0
20,2,59,20,3,0,1,0,0,64,0,0,0,0,1,6,100,100,100,100,0,0,0,0,0,0,0,0,0,0,0,0,0,0
20,2,60,8,3,1,1,1,1,0,0,0,0,0,0,0,0,0,0,0,0,0,0,0,6,0,0,0,0,0,0,0,0,0
20,2,61,8,1,1,1,1,1,0,0,0,0,0,0,0,0,0,0,0,0,0,0,0,6,0,0,0,0,0,0,0,0,0
20,2,62,20,3,0,1,0,0,64,0,0,0,0,1,6,100,100,100,100,0,0,0,0,0,0,0,0,0,0,0,0,0,0
20,2,63,8,1,1,1,1,1,0,0,0,0,0,0,0,0,0,0,0,0,0,0,0,6,0,0,0,0,0,0,0,0,0
20,2,64,20,3,0,1,0,0,64,0,0,0,0,1,6,100,100,100,100,0,0,0,0,0,0,0,0,0,0,0,0,0,0
20,2,65,8,3,1,1,1,1,0,0,0,0,0,0,0,0,0,0,0,0,0,0,0,6,0,0,0,0,0,0,0,0,0
20,2,66,20,3,0,1,0,0,64,0,0,0,0,1,6,100,100,100,100,0,0,0,0,0,0,0,0,0,0,0,0,0,0
20,2,67,8,3,1,1,1,1,0,0,0,0,0,0,0,0,0,0,0,0,0,0,0,6,0,0,0,0,0,0,0,0,0
20,2,68,8,3,1,1,1,1,0,0,0,0,0,0,0,0,0,0,0,0,0,0,0,6,0,0,0,0,0,0,0,0,0
20,2,69,20,3,0,1,0,0,64,0,0,0,0,1,6,100,100,100,100,0,0,0,0,0,0,0,0,0,0,0,0,0,0
20,2,70,20,3,0,1,0,0,64,0,0,0,0,1,6,100,100,100,100,0,0,0,0,0,0,0,0,0,0,0,0,0,0
20,2,71,48,3,0,1,64,1,72,0,0,0,0,6,6,113,113,113,113,0,0,0,0,0,0,0,0,0,0,0,0,4,0
20,2,72,8,3,1,1,1,1,0,0,0,0,0,0,0,0,0,0,0,0,0,0,0,6,0,0,0,0,0,0,0,0,0
20,2,73,20,3,0,1,0,0,64,0,0,0,0,1,6,100,100,100,100,0,0,0,0,0,0,0,0,0,0,0,0,0,0
20,2,74,20,3,0,1,0,0,64,0,0,0,0,1,6,100,100,100,100,0,0,0,0,0,0,0,0,0,0,0,0,0,0
20,2,75,20,3,0,1,0,0,64,0,0,0,0,1,6,100,100,100,100,0,0,0,0,0,0,0,0,0,0,0,0,0,0
20,2,76,20,3,0,1,0,0,64,0,0,0,0,1,6,100,100,100,100,0,0,0,0,0,0,0,0,0,0,0,0,0,0
20,2,77,48,3,0,1,64,1,72,0,0,0,0,6,6,113,113,113,113,0,0,0,0,0,0,0,0,0,0,0,0,4,0
20,2,78,48,3,0,1,64,1,72,0,0,0,0,6,6,113,113,113,113,0,0,0,0,0,0,0,0,0,0,0,0,4,0
20,2,79,20,3,0,1,0,0,64,0,0,0,0,1,6,100,100,100,100,0,0,0,0,0,0,0,0,0,0,0,0,0,0
20,2,80,20,3,0,1,0,0,64,0,0,0,0,1,6,100,100,100,100,0,0,0,0,0,0,0,0,0,0,0,0,0,0
20,2,81,8,3,1,1,1,1,0,0,0,0,0,0,0,0,0,0,0,0,0,0,0,6,0,0,0,0,0,0,0,0,0
20,2,82,20,3,0,1,0,0,64,0,0,0,0,1,6,100,100,100,100,0,0,0,0,0,0,0,0,0,0,0,0,0,0
20,2,83,20,3,0,1,0,0,64,0,0,0,0,1,6,100,100,100,100,0,0,0,0,0,0,0,0,0,0,0,0,0,0
20,2,84,31,1,1,0,0,0,1,0,0,0,0,0,0,0,0,0,0,0,0,0,0,0,0,0,0,0,0,0,0,0,0
20,2,85,31,1,1,0,0,0,1,0,0,0,0,0,0,0,0,0,0,0,0,0,0,0,0,0,0,0,0,0,0,0,0
20,2,87,20,3,0,1,0,0,64,0,0,0,0,1,6,100,100,100,100,0,0,0,0,0,0,0,0,0,0,0,0,0,0
20,2,88,48,3,0,1,64,1,72,0,0,0,0,6,6,113,113,113,113,0,0,0,0,0,0,0,0,0,0,0,0,4,0
20,2,89,8,3,1,1,1,1,0,0,0,0,0,0,0,0,0,0,0,0,0,0,0,6,0,0,0,0,0,0,0,0,0
20,2,91,20,1,0,1,0,0,64,0,0,0,0,1,6,100,100,100,100,0,0,0,0,0,0,0,0,0,0,0,0,0,0
20,2,92,20,3,0,1,0,0,64,0,0,0,0,1,6,100,100,100,100,0,0,0,0,0,0,0,0,0,0,0,0,0,0
20,2,94,20,3,0,1,0,0,64,0,0,0,0,1,6,100,100,100,100,0,0,0,0,0,0,0,0,0,0,0,0,0,0
20,2,95,20,1,0,1,0,0,64,0,0,0,0,1,6,100,100,100,100,0,0,0,0,0,0,0,0,0,0,0,0,0,0
20,2,96,8,3,1,1,1,1,0,0,0,0,0,0,0,0,0,0,0,0,0,0,0,6,0,0,0,0,0,0,0,0,0
20,2,97,31,1,1,0,0,0,1,0,0,0,0,0,0,0,0,0,0,0,0,0,0,0,0,0,0,0,0,0,0,0,0
20,2,98,8,3,1,1,1,1,0,0,0,0,0,0,0,0,0,0,0,0,0,0,0,6,0,0,0,0,0,0,0,0,0
20,2,99,20,3,0,1,0,0,64,0,0,0,0,1,6,100,100,100,100,0,0,0,0,0,0,0,0,0,0,0,0,0,0
20,2,100,48,3,0,1,64,1,72,0,0,0,0,6,6,113,113,113,113,0,0,0,0,0,0,0,0,0,0,0,0,4,0
20,2,101,31,1,1,0,0,0,1,0,0,0,0,0,0,0,0,0,0,0,0,0,0,0,0,0,0,0,0,0,0,0,0
20,2,102,20,3,0,1,0,0,64,0,0,0,0,1,6,100,100,100,100,0,0,0,0,0,0,0,0,0,0,0,0,0,0
20,2,103,20,3,0,1,0,0,64,0,0,0,0,1,6,100,100,100,100,0,0,0,0,0,0,0,0,0,0,0,0,0,0
20,2,104,20,1,0,1,0,0,64,0,0,0,0,1,6,100,100,100,100,0,0,0,0,0,0,0,0,0,0,0,0,0,0
20,2,106,20,3,0,1,0,0,64,0,0,0,0,1,6,100,100,100,100,0,0,0,0,0,0,0,0,0,0,0,0,0,0
20,2,107,31,3,1,0,0,0,1,0,0,0,0,0,0,0,0,0,0,0,0,0,0,0,0,0,0,0,0,0,0,0,0
20,2,108,8,1,1,1,1,1,0,0,0,0,0,0,0,0,0,0,0,0,0,0,0,6,0,0,0,0,0,0,0,0,0
20,2,109,31,1,1,0,0,0,1,0,0,0,0,0,0,0,0,0,0,0,0,0,0,0,0,0,0,0,0,0,0,0,0
20,2,110,31,1,1,0,0,0,1,0,0,0,0,0,0,0,0,0,0,0,0,0,0,0,0,0,0,0,0,0,0,0,0
20,2,111,8,1,1,1,1,1,0,0,0,0,0,0,0,0,0,0,0,0,0,0,0,6,0,0,0,0,0,0,0,0,0
20,2,112,20,1,0,1,0,0,64,0,0,0,0,1,6,100,100,100,100,0,0,0,0,0,0,0,0,0,0,0,0,0,0
20,2,113,8,3,1,1,1,1,0,0,0,0,0,0,0,0,0,0,0,0,0,0,0,6,0,0,0,0,0,0,0,0,0
20,2,114,20,1,0,1,0,0,64,0,0,0,0,1,6,100,100,100,100,0,0,0,0,0,0,0,0,0,0,0,0,0,0
20,2,115,20,1,0,1,0,0,64,0,0,0,0,1,6,100,100,100,100,0,0,0,0,0,0,0,0,0,0,0,0,0,0
20,2,116,8,1,1,1,1,1,0,0,0,0,0,0,0,0,0,0,0,0,0,0,0,6,0,0,0,0,0,0,0,0,0
20,2,118,20,1,0,1,0,0,64,0,0,0,0,1,6,100,100,100,100,0,0,0,0,0,0,0,0,0,0,0,0,0,0
20,2,119,20,3,0,1,0,0,64,0,0,0,0,1,6,100,100,100,100,0,0,0,0,0,0,0,0,0,0,0,0,0,0
20,2,120,31,1,1,0,0,0,1,0,0,0,0,0,0,0,0,0,0,0,0,0,0,0,0,0,0,0,0,0,0,0,0
20,2,121,8,3,1,1,1,1,0,0,0,0,0,0,0,0,0,0,0,0,0,0,0,6,0,0,0,0,0,0,0,0,0
20,2,122,8,1,1,1,1,1,64,0,0,0,0,0,0,0,0,0,0,0,0,0,0,6,0,0,0,0,0,0,0,0,0
20,2,123,8,1,1,1,1,1,64,0,0,0,0,0,0,0,0,0,0,0,0,0,0,6,0,0,0,0,0,0,0,0,0
20,2,124,20,1,0,1,0,0,64,0,0,0,0,1,6,100,100,100,100,0,0,0,0,0,0,0,0,0,0,0,0,0,0
20,2,125,20,1,0,1,0,0,64,0,0,0,0,1,6,100,100,100,100,0,0,0,0,0,0,0,0,0,0,0,0,0,0
20,2,126,20,1,0,1,0,0,64,0,0,0,0,1,6,100,100,100,100,0,0,0,0,0,0,0,0,0,0,0,0,0,0
20,3,1,20,5,0,1,0,0,64,0,0,0,0,1,6,100,100,100,100,0,0,0,0,0,0,0,0,0,0,0,0,0,0
20,3,2,8,5,1,1,1,1,0,0,0,0,0,0,0,0,0,0,0,0,0,0,0,6,0,0,0,0,0,0,0,0,0
20,3,3,20,5,0,1,0,0,64,0,0,0,0,1,6,100,100,100,100,0,0,0,0,0,0,0,0,0,0,0,0,0,0
20,3,5,20,5,0,1,0,0,64,0,0,0,0,1,6,100,100,100,100,0,0,0,0,0,0,0,0,0,0,0,0,0,0
20,3,6,48,5,0,1,64,1,72,0,0,0,0,6,6,113,113,113,113,0,0,0,0,0,0,0,0,0,0,0,0,4,0
20,3,7,8,5,1,1,1,1,0,0,0,0,0,0,0,0,0,0,0,0,0,0,0,6,0,0,0,0,0,0,0,0,0
20,3,8,20,5,0,1,0,0,64,0,0,0,0,1,6,100,100,100,100,0,0,0,0,0,0,0,0,0,0,0,0,0,0
20,3,9,20,5,0,1,0,0,64,0,0,0,0,1,6,100,100,100,100,0,0,0,0,0,0,0,0,0,0,0,0,0,0
20,3,10,8,5,1,1,1,1,0,0,0,0,0,0,0,0,0,0,0,0,0,0,0,6,0,0,0,0,0,0,0,0,0
20,3,11,48,5,0,1,64,1,72,0,0,0,0,6,6,113,113,113,113,0,0,0,0,0,0,0,0,0,0,0,0,4,0
20,3,12,48,5,0,1,64,1,72,0,0,0,0,6,6,113,113,113,113,0,0,0,0,0,0,0,0,0,0,0,0,4,0
20,3,14,48,5,0,1,64,1,72,0,0,0,0,6,6,113,113,113,113,0,0,0,0,0,0,0,0,0,0,0,0,4,0
20,3,15,20,6,0,1,0,0,64,0,0,0,0,1,6,100,100,100,100,0,0,0,0,0,0,0,0,0,0,0,0,0,0
20,3,16,20,6,0,1,0,0,64,0,0,0,0,1,6,100,100,100,100,0,0,0,0,0,0,0,0,0,0,0,0,0,0
20,3,17,8,7,1,1,1,1,0,0,0,0,0,0,0,0,0,0,0,0,0,0,0,6,0,0,0,0,0,0,0,0,0
20,3,18,20,7,0,1,0,0,64,0,0,0,0,1,6,100,100,100,100,0,0,0,0,0,0,0,0,0,0,0,0,0,0
20,3,19,20,6,0,1,0,0,64,0,0,0,0,1,6,100,100,100,100,0,0,0,0,0,0,0,0,0,0,0,0,0,0
20,3,20,20,6,0,1,0,0,64,0,0,0,0,1,6,100,100,100,100,0,0,0,0,0,0,0,0,0,0,0,0,0,0
20,3,21,8,6,1,1,1,1,0,0,0,0,0,0,0,0,0,0,0,0,0,0,0,6,0,0,0,0,0,0,0,0,0
20,3,22,48,6,0,1,64,1,72,0,0,0,0,6,6,113,113,113,113,0,0,0,0,0,0,0,0,0,0,0,0,4,0
20,3,25,20,5,0,1,0,0,64,0,0,0,0,1,6,100,100,100,100,0,0,0,0,0,0,0,0,0,0,0,0,0,0
20,3,26,20,6,0,1,0,0,64,0,0,0,0,1,6,100,100,100,100,0,0,0,0,0,0,0,0,0,0,0,0,0,0
20,3,27,20,6,0,1,0,0,64,0,0,0,0,1,6,100,100,100,100,0,0,0,0,0,0,0,0,0,0,0,0,0,0
20,3,28,8,6,1,1,1,1,0,0,0,0,0,0,0,0,0,0,0,0,0,0,0,6,0,0,0,0,0,0,0,0,0
20,3,31,20,6,0,1,0,0,64,0,0,0,0,1,6,100,100,100,100,0,0,0,0,0,0,0,0,0,0,0,0,0,0
20,3,34,20,6,0,1,0,0,64,0,0,0,0,1,6,100,100,100,100,0,0,0,0,0,0,0,0,0,0,0,0,0,0
20,3,37,8,5,1,1,1,1,0,0,0,0,0,0,0,0,0,0,0,0,0,0,0,6,0,0,0,0,0,0,0,0,0
20,3,38,20,5,0,1,0,0,64,0,0,0,0,1,6,100,100,100,100,0,0,0,0,0,0,0,0,0,0,0,0,0,0
20,3,40,20,5,0,1,0,0,64,0,0,0,0,1,6,100,100,100,100,0,0,0,0,0,0,0,0,0,0,0,0,0,0
20,3,41,48,5,0,1,64,1,72,0,0,0,0,6,6,113,113,113,113,0,0,0,0,0,0,0,0,0,0,0,0,4,0
20,3,42,20,5,0,1,0,0,64,0,0,0,0,1,6,100,100,100,100,0,0,0,0,0,0,0,0,0,0,0,0,0,0
20,3,43,8,5,1,1,1,1,0,0,0,0,0,0,0,0,0,0,0,0,0,0,0,6,0,0,0,0,0,0,0,0,0
20,3,45,20,5,0,1,0,0,64,0,0,0,0,1,6,100,100,100,100,0,0,0,0,0,0,0,0,0,0,0,0,0,0
20,3,46,20,5,0,1,0,0,64,0,0,0,0,1,6,100,100,100,100,0,0,0,0,0,0,0,0,0,0,0,0,0,0
20,3,47,48,6,0,1,64,1,72,0,0,0,0,6,6,113,113,113,113,0,0,0,0,0,0,0,0,0,0,0,0,4,0
20,3,48,8,5,1,1,1,1,0,0,0,0,0,0,0,0,0,0,0,0,0,0,0,6,0,0,0,0,0,0,0,0,0
20,3,49,48,6,0,1,64,1,72,0,0,0,0,6,6,113,113,113,113,0,0,0,0,0,0,0,0,0,0,0,0,4,0
20,3,52,8,5,1,1,1,1,0,0,0,0,0,0,0,0,0,0,0,0,0,0,0,6,0,0,0,0,0,0,0,0,0
20,3,53,20,5,0,1,0,0,64,0,0,0,0,1,6,100,100,100,100,0,0,0,0,0,0,0,0,0,0,0,0,0,0
20,3,54,20,5,0,1,0,0,64,0,0,0,0,1,6,100,100,100,100,0,0,0,0,0,0,0,0,0,0,0,0,0,0
20,3,55,8,5,1,1,1,1,0,0,0,0,0,0,0,0,0,0,0,0,0,0,0,6,0,0,0,0,0,0,0,0,0
20,3,56,20,5,0,1,0,0,64,0,0,0,0,1,6,100,100,100,100,0,0,0,0,0,0,0,0,0,0,0,0,0,0
20,3,57,8,5,1,1,1,1,0,0,0,0,0,0,0,0,0,0,0,0,0,0,0,6,0,0,0,0,0,0,0,0,0
20,3,58,8,5,1,1,1,1,0,0,0,0,0,0,0,0,0,0,0,0,0,0,0,6,0,0,0,0,0,0,0,0,0
20,3,59,20,5,0,1,0,0,64,0,0,0,0,1,6,100,100,100,100,0,0,0,0,0,0,0,0,0,0,0,0,0,0
20,3,60,20,5,0,1,0,0,64,0,0,0,0,1,6,100,100,100,100,0,0,0,0,0,0,0,0,0,0,0,0,0,0
20,3,61,48,5,0,1,64,1,72,0,0,0,0,6,6,113,113,113,113,0,0,0,0,0,0,0,0,0,0,0,0,4,0
20,3,62,8,5,1,1,1,1,0,0,0,0,0,0,0,0,0,0,0,0,0,0,0,6,0,0,0,0,0,0,0,0,0
20,3,63,20,5,0,1,0,0,64,0,0,0,0,1,6,100,100,100,100,0,0,0,0,0,0,0,0,0,0,0,0,0,0
20,3,64,8,5,1,1,1,1,0,0,0,0,0,0,0,0,0,0,0,0,0,0,0,6,0,0,0,0,0,0,0,0,0
20,3,65,20,5,0,1,0,0,64,0,0,0,0,1,6,100,100,100,100,0,0,0,0,0,0,0,0,0,0,0,0,0,0
20,3,66,48,6,0,1,64,1,72,0,0,0,0,6,6,113,113,113,113,0,0,0,0,0,0,0,0,0,0,0,0,4,0
20,3,67,8,5,1,1,1,1,0,0,0,0,0,0,0,0,0,0,0,0,0,0,0,6,0,0,0,0,0,0,0,0,0
20,3,68,8,5,1,1,1,1,0,0,0,0,0,0,0,0,0,0,0,0,0,0,0,6,0,0,0,0,0,0,0,0,0
20,3,69,20,5,0,1,0,0,64,0,0,0,0,1,6,100,100,100,100,0,0,0,0,0,0,0,0,0,0,0,0,0,0
20,3,70,20,5,0,1,0,0,64,0,0,0,0,1,6,100,100,100,100,0,0,0,0,0,0,0,0,0,0,0,0,0,0
20,3,71,48,5,0,1,64,1,72,0,0,0,0,6,6,113,113,113,113,0,0,0,0,0,0,0,0,0,0,0,0,4,0
20,3,72,20,5,0,1,0,0,64,0,0,0,0,1,6,100,100,100,100,0,0,0,0,0,0,0,0,0,0,0,0,0,0
20,3,73,8,5,1,1,1,1,0,0,0,0,0,0,0,0,0,0,0,0,0,0,0,6,0,0,0,0,0,0,0,0,0
20,3,74,8,5,1,1,1,1,0,0,0,0,0,0,0,0,0,0,0,0,0,0,0,6,0,0,0,0,0,0,0,0,0
20,3,75,20,5,0,1,0,0,64,0,0,0,0,1,6,100,100,100,100,0,0,0,0,0,0,0,0,0,0,0,0,0,0
20,3,77,20,6,0,1,0,0,64,0,0,0,0,1,6,100,100,100,100,0,0,0,0,0,0,0,0,0,0,0,0,0,0
20,3,82,20,6,0,1,0,0,64,0,0,0,0,1,6,100,100,100,100,0,0,0,0,0,0,0,0,0,0,0,0,0,0
20,3,83,8,6,1,1,1,1,0,0,0,0,0,0,0,0,0,0,0,0,0,0,0,6,0,0,0,0,0,0,0,0,0
20,3,84,48,6,0,1,64,1,72,0,0,0,0,6,6,113,113,113,113,0,0,0,0,0,0,0,0,0,0,0,0,4,0
20,3,87,20,6,0,1,0,0,64,0,0,0,0,1,6,100,100,100,100,0,0,0,0,0,0,0,0,0,0,0,0,0,0
20,3,90,8,5,1,1,1,1,0,0,0,0,0,0,0,0,0,0,0,0,0,0,0,6,0,0,0,0,0,0,0,0,0
20,3,91,31,5,1,0,0,0,1,0,0,0,0,0,0,0,0,0,0,0,0,0,0,0,0,0,0,0,0,0,0,0,0
20,3,92,31,5,1,0,0,0,1,0,0,0,0,0,0,0,0,0,0,0,0,0,0,0,0,0,0,0,0,0,0,0,0
20,3,93,8,6,1,1,1,1,0,0,0,0,0,0,0,0,0,0,0,0,0,0,0,6,0,0,0,0,0,0,0,0,0
20,3,95,31,1,1,0,0,0,1,0,0,0,0,0,0,0,0,0,0,0,0,0,0,0,0,0,0,0,0,0,0,0,0
20,3,96,8,6,1,1,1,1,0,0,0,0,0,0,0,0,0,0,0,0,0,0,0,6,0,0,0,0,0,0,0,0,0
20,3,97,8,5,1,1,1,1,0,0,0,0,0,0,0,0,0,0,0,0,0,0,0,6,0,0,0,0,0,0,0,0,0
20,3,99,20,5,0,1,0,0,64,0,0,0,0,1,6,100,100,100,100,0,0,0,0,0,0,0,0,0,0,0,0,0,0
20,3,100,48,6,0,1,64,1,72,0,0,0,0,6,6,113,113,113,113,0,0,0,0,0,0,0,0,0,0,0,0,4,0
20,3,101,8,5,1,1,1,1,0,0,0,0,0,0,0,0,0,0,0,0,0,0,0,6,0,0,0,0,0,0,0,0,0
20,3,102,20,5,0,1,0,0,64,0,0,0,0,1,6,100,100,100,100,0,0,0,0,0,0,0,0,0,0,0,0,0,0
20,3,103,20,6,0,1,0,0,64,0,0,0,0,1,6,100,100,100,100,0,0,0,0,0,0,0,0,0,0,0,0,0,0
20,3,104,20,5,0,1,0,0,64,0,0,0,0,1,6,100,100,100,100,0,0,0,0,0,0,0,0,0,0,0,0,0,0
20,3,105,48,5,0,1,64,1,72,0,0,0,0,6,6,113,113,113,113,0,0,0,0,0,0,0,0,0,0,0,0,4,0
20,3,125,20,5,0,1,0,0,64,0,0,0,0,1,6,100,100,100,100,0,0,0,0,0,0,0,0,0,0,0,0,0,0
20,4,1,20,9,0,1,0,0,64,0,0,0,0,1,6,100,100,100,100,0,0,0,0,0,0,0,0,0,0,0,0,0,0
20,4,2,20,9,0,1,0,0,64,0,0,0,0,1,6,100,100,100,100,0,0,0,0,0,0,0,0,0,0,0,0,0,0
20,4,3,20,8,0,1,0,0,64,0,0,0,0,1,6,100,100,100,100,0,0,0,0,0,0,0,0,0,0,0,0,0,0
20,4,4,8,8,1,1,1,1,0,0,0,0,0,0,0,0,0,0,0,0,0,0,0,6,0,0,0,0,0,0,0,0,0
20,4,5,8,8,1,1,1,1,0,0,0,0,0,0,0,0,0,0,0,0,0,0,0,6,0,0,0,0,0,0,0,0,0
20,4,6,20,8,0,1,0,0,64,0,0,0,0,1,6,100,100,100,100,0,0,0,0,0,0,0,0,0,0,0,0,0,0
20,4,7,20,8,0,1,0,0,64,0,0,0,0,1,6,100,100,100,100,0,0,0,0,0,0,0,0,0,0,0,0,0,0
20,4,8,48,8,0,1,64,1,72,0,0,0,0,6,6,113,113,113,113,0,0,0,0,0,0,0,0,0,0,0,0,4,0
20,4,9,8,8,1,1,1,1,0,0,0,0,0,0,0,0,0,0,0,0,0,0,0,6,0,0,0,0,0,0,0,0,0
20,4,10,20,8,0,1,0,0,64,0,0,0,0,1,6,100,100,100,100,0,0,0,0,0,0,0,0,0,0,0,0,0,0
20,4,11,8,8,1,1,1,1,0,0,0,0,0,0,0,0,0,0,0,0,0,0,0,6,0,0,0,0,0,0,0,0,0
20,4,12,20,8,0,1,0,0,64,0,0,0,0,1,6,100,100,100,100,0,0,0,0,0,0,0,0,0,0,0,0,0,0
20,4,13,20,8,0,1,0,0,64,0,0,0,0,1,6,100,100,100,100,0,0,0,0,0,0,0,0,0,0,0,0,0,0
20,4,14,48,8,0,1,64,1,72,0,0,0,0,6,6,113,113,113,113,0,0,0,0,0,0,0,0,0,0,0,0,4,0
20,4,15,8,8,1,1,1,1,0,0,0,0,0,0,0,0,0,0,0,0,0,0,0,6,0,0,0,0,0,0,0,0,0
20,4,16,20,8,0,1,0,0,64,0,0,0,0,1,6,100,100,100,100,0,0,0,0,0,0,0,0,0,0,0,0,0,0
20,4,17,8,8,1,1,1,1,0,0,0,0,0,0,0,0,0,0,0,0,0,0,0,6,0,0,0,0,0,0,0,0,0
20,4,18,20,8,0,1,0,0,64,0,0,0,0,1,6,100,100,100,100,0,0,0,0,0,0,0,0,0,0,0,0,0,0
20,4,19,20,8,0,1,0,0,64,0,0,0,0,1,6,100,100,100,100,0,0,0,0,0,0,0,0,0,0,0,0,0,0
20,4,20,48,8,0,1,64,1,72,0,0,0,0,6,6,113,113,113,113,0,0,0,0,0,0,0,0,0,0,0,0,4,0
20,4,21,20,1,0,1,0,0,64,0,0,0,0,1,6,100,100,100,100,0,0,0,0,0,0,0,0,0,0,0,0,0,0
20,4,22,8,8,1,1,1,1,0,0,0,0,0,0,0,0,0,0,0,0,0,0,0,6,0,0,0,0,0,0,0,0,0
20,4,23,20,8,0,1,0,0,64,0,0,0,0,1,6,100,100,100,100,0,0,0,0,0,0,0,0,0,0,0,0,0,0
20,4,24,20,8,0,1,0,0,64,0,0,0,0,1,6,100,100,100,100,0,0,0,0,0,0,0,0,0,0,0,0,0,0
20,4,25,48,8,0,1,64,1,72,0,0,0,0,6,6,113,113,113,113,0,0,0,0,0,0,0,0,0,0,0,0,4,0
20,4,26,8,8,1,1,1,1,0,0,0,0,0,0,0,0,0,0,0,0,0,0,0,6,0,0,0,0,0,0,0,0,0
20,4,27,20,8,0,1,0,0,64,0,0,0,0,1,6,100,100,100,100,0,0,0,0,0,0,0,0,0,0,0,0,0,0
20,4,28,8,1,1,1,1,1,64,0,0,0,0,0,0,0,0,0,0,0,0,0,0,6,0,0,0,0,0,0,0,0,0
20,4,29,20,8,0,1,0,0,64,0,0,0,0,1,6,100,100,100,100,0,0,0,0,0,0,0,0,0,0,0,0,0,0
20,4,30,20,8,0,1,0,0,64,0,0,0,0,1,6,100,100,100,100,0,0,0,0,0,0,0,0,0,0,0,0,0,0
20,4,31,48,8,0,1,64,1,72,0,0,0,0,6,6,113,113,113,113,0,0,0,0,0,0,0,0,0,0,0,0,4,0
20,4,32,8,8,1,1,1,1,0,0,0,0,0,0,0,0,0,0,0,0,0,0,0,6,0,0,0,0,0,0,0,0,0
20,4,33,20,8,0,1,0,0,64,0,0,0,0,1,6,100,100,100,100,0,0,0,0,0,0,0,0,0,0,0,0,0,0
20,4,34,20,8,0,1,0,0,64,0,0,0,0,1,6,100,100,100,100,0,0,0,0,0,0,0,0,0,0,0,0,0,0
20,4,35,31,8,1,0,0,0,1,0,0,0,0,0,0,0,0,0,0,0,0,0,0,0,0,0,0,0,0,0,0,0,0
20,4,36,8,8,1,1,1,1,0,0,0,0,0,0,0,0,0,0,0,0,0,0,0,6,0,0,0,0,0,0,0,0,0
20,4,37,20,8,0,1,0,0,64,0,0,0,0,1,6,100,100,100,100,0,0,0,0,0,0,0,0,0,0,0,0,0,0
20,4,38,48,8,0,1,64,1,72,0,0,0,0,6,6,113,113,113,113,0,0,0,0,0,0,0,0,0,0,0,0,4,0
20,4,39,20,8,0,1,0,0,64,0,0,0,0,1,6,100,100,100,100,0,0,0,0,0,0,0,0,0,0,0,0,0,0
20,4,40,8,8,1,1,1,1,0,0,0,0,0,0,0,0,0,0,0,0,0,0,0,6,0,0,0,0,0,0,0,0,0
20,4,41,20,8,0,1,0,0,64,0,0,0,0,1,6,100,100,100,100,0,0,0,0,0,0,0,0,0,0,0,0,0,0
20,4,42,8,8,1,1,1,1,0,0,0,0,0,0,0,0,0,0,0,0,0,0,0,6,0,0,0,0,0,0,0,0,0
20,4,43,20,8,0,1,0,0,64,0,0,0,0,1,6,100,100,100,100,0,0,0,0,0,0,0,0,0,0,0,0,0,0
20,4,44,8,8,1,1,1,1,0,0,0,0,0,0,0,0,0,0,0,0,0,0,0,6,0,0,0,0,0,0,0,0,0
20,4,45,24,8,0,1,0,0,64,0,0,0,0,1,6,100,100,100,100,0,0,0,0,0,0,0,0,0,0,0,0,0,0
20,4,46,20,8,0,1,0,0,64,0,0,0,0,1,6,100,100,100,100,0,0,0,0,0,0,0,0,0,0,0,0,0,0
20,4,47,48,8,0,1,64,1,72,0,0,0,0,6,6,113,113,113,113,0,0,0,0,0,0,0,0,0,0,0,0,4,0
20,4,48,48,8,0,1,64,1,72,0,0,0,0,6,6,113,113,113,113,0,0,0,0,0,0,0,0,0,0,0,0,4,0
20,4,49,20,8,0,1,0,0,64,0,0,0,0,1,6,100,100,100,100,0,0,0,0,0,0,0,0,0,0,0,0,0,0
20,4,50,20,8,0,1,0,0,64,0,0,0,0,1,6,100,100,100,100,0,0,0,0,0,0,0,0,0,0,0,0,0,0
20,4,51,8,8,1,1,1,1,0,0,0,0,0,0,0,0,0,0,0,0,0,0,0,6,0,0,0,0,0,0,0,0,0
20,4,52,20,8,0,1,0,0,64,0,0,0,0,1,6,100,100,100,100,0,0,0,0,0,0,0,0,0,0,0,0,0,0
20,4,53,8,8,1,1,1,1,0,0,0,0,0,0,0,0,0,0,0,0,0,0,0,6,0,0,0,0,0,0,0,0,0
20,4,54,20,8,0,1,0,0,64,0,0,0,0,1,6,100,100,100,100,0,0,0,0,0,0,0,0,0,0,0,0,0,0
20,4,55,8,8,1,1,1,1,0,0,0,0,0,0,0,0,0,0,0,0,0,0,0,6,0,0,0,0,0,0,0,0,0
20,4,56,20,8,0,1,0,0,64,0,0,0,0,1,6,100,100,100,100,0,0,0,0,0,0,0,0,0,0,0,0,0,0
20,4,58,31,8,1,0,0,0,1,0,0,0,0,0,0,0,0,0,0,0,0,0,0,0,0,0,0,0,0,0,0,0,0
20,4,59,20,8,0,1,0,0,64,0,0,0,0,1,6,100,100,100,100,0,0,0,0,0,0,0,0,0,0,0,0,0,0
20,4,60,48,8,0,1,64,1,72,0,0,0,0,6,6,113,113,113,113,0,0,0,0,0,0,0,0,0,0,0,0,4,0
20,4,61,8,8,1,1,1,1,0,0,0,0,0,0,0,0,0,0,0,0,0,0,0,6,0,0,0,0,0,0,0,0,0
20,4,62,8,8,1,1,1,1,0,0,0,0,0,0,0,0,0,0,0,0,0,0,0,6,0,0,0,0,0,0,0,0,0
20,4,63,8,8,1,1,1,1,0,0,0,0,0,0,0,0,0,0,0,0,0,0,0,6,0,0,0,0,0,0,0,0,0
20,END,1,44412
14,BEGIN,1
14,1,1,0,0,1,0,0,1,0,0,1,0,0,0,0,0,1,0,1,1,0,0,0,0,0,0,0,0,0,0
14,2,1,0,0,1,0,0,1,0,0,1,0,0,0,0,0,1,0,1,1,0,0,0,0,0,0,0,0,0,0
14,3,1,0,0,1,0,0,1,0,0,1,0,0,0,0,0,1,0,1,1,0,0,0,0,0,0,0,0,0,0
14,END,1,9409
15,BEGIN,1
15,1,1,1,0
15,2,1,1,0
15,3,0,1,0
15,END,1,2065
16,BEGIN,1
16,END,1,609
40,BEGIN,1
40,0,255,0,20,0,0,0,0,0,0,0,0,0,0,0,0,0,0,0,0,0,0,0,0,0,0,
40,1,254,0,10,0,0,0,0,0,0,0,0,0,0,0,0,0,0,0,0,0,0,0,0,0,0,
40,2,253,0,40,0,0,0,0,0,0,0,0,0,0,0,0,0,0,0,0,0,0,0,0,0,0,
40,3,240,0,191,0,0,0,0,0,0,0,0,0,0,0,0,0,0,0,0,0,0,0,0,0,0,
40,4,255,0,188,0,0,0,0,0,0,0,0,0,0,0,0,0,0,0,0,0,0,0,0,0,0,
40,5,255,0,184,0,0,0,0,0,0,0,0,0,0,0,0,0,0,0,0,0,0,0,0,0,0,
40,6,240,0,180,0,0,0,0,0,0,0,0,0,0,0,0,0,0,0,0,0,0,0,0,0,0,
40,7,240,0,190,0,0,0,0,0,0,0,0,0,0,0,0,0,0,0,0,0,0,0,0,0,0,
40,8,240,0,186,0,0,0,0,0,0,0,0,0,0,0,0,0,0,0,0,0,0,0,0,0,0,
40,9,240,0,182,0,0,0,0,0,0,0,0,0,0,0,0,0,0,0,0,0,0,0,0,0,0,
40,10,240,0,50,2,0,0,0,0,0,0,0,0,0,0,0,0,0,0,0,0,0,0,0,0,0,
40,END,1,31377
60,BEGIN,1
60,1,1, 1, 0, 1, 1, 0, 0, 0, 1, 1, 0, 1, 1, 0, 0, 0, 
60,2,0, 0, 0, 1, 1, 0, 0, 0, 0, 0, 0, 1, 1, 0, 0, 0, 
60,END,1,5177
161,BEGIN,1
161,END,1,659
154,BEGIN,1
154,END,1,661
2,BEGIN,1
2,9,1,0,Panel Sounder 1        
2,9,1,1,Panel Sounder 1        
2,9,1,2,Loop:9 Device:1/2      
2,9,1,3,Loop:9 Device:1/3      
2,9,1,4,Loop:9 Device:1/4      
2,9,2,0,Panel Sounder 2        
2,9,2,1,Panel Sounder 2        
2,9,2,2,Loop:9 Device:2/2      
2,9,2,3,Loop:9 Device:2/3      
2,9,2,4,Loop:9 Device:2/4      
2,9,3,0,Panel Relay 1          
2,9,3,1,Panel Relay 1          
2,9,3,2,Loop:9 Device:3/2      
2,9,3,3,Loop:9 Device:3/3      
2,9,3,4,Loop:9 Device:3/4      
2,9,4,0,Panel Relay 2          
2,9,4,1,Panel Relay 2          
2,9,4,2,Loop:9 Device:4/2      
2,9,4,3,Loop:9 Device:4/3      
2,9,4,4,Loop:9 Device:4/4      
2,9,5,0,Key Switch             
2,9,5,1,Key Switch             
2,9,5,2,Loop:9 Device:5/2      
2,9,5,3,Loop:9 Device:5/3      
2,9,5,4,Loop:9 Device:5/4      
2,9,6,0,System PSU             
2,9,6,1,System PSU             
2,9,6,2,Loop:9 Device:6/2      
2,9,6,3,Loop:9 Device:6/3      
2,9,6,4,Loop:9 Device:6/4      
2,9,7,0,Fault Buzzer           
2,9,7,1,Fault Buzzer           
2,9,7,2,Loop:9 Device:7/2      
2,9,7,3,Loop:9 Device:7/3      
2,9,7,4,Loop:9 Device:7/4      
2,9,8,0,Fault Relay            
2,9,8,1,Fault Relay            
2,9,8,2,Loop:9 Device:8/2      
2,9,8,3,Loop:9 Device:8/3      
2,9,8,4,Loop:9 Device:8/4      
2,9,9,0,Event Log              
2,9,9,1,Event Log              
2,9,9,2,Loop:9 Device:9/2      
2,9,9,3,Loop:9 Device:9/3      
2,9,9,4,Loop:9 Device:9/4      
2,9,10,0,Panel Device           
2,9,10,1,Panel Device           
2,9,10,2,Loop:9 Device:10/2     
2,9,10,3,Loop:9 Device:10/3     
2,9,10,4,Loop:9 Device:10/4     
2,9,11,0,Touch Pnl              
2,9,11,1,E                      
2,9,11,2,Loop:9 Device:11/2     
2,9,11,3,Loop:9 Device:11/3     
2,9,11,4,Loop:9 Device:11/4     
2,9,12,0,Mon I/P 1              
2,9,12,1,Mon I/P 1              
2,9,12,2,Loop:9 Device:12/2     
2,9,12,3,Loop:9 Device:12/3     
2,9,12,4,Loop:9 Device:12/4     
2,9,13,0,Mon I/P 2              
2,9,13,1,Mon I/P 2              
2,9,13,2,Loop:9 Device:13/2     
2,9,13,3,Loop:9 Device:13/3     
2,9,13,4,Loop:9 Device:13/4     
2,9,14,0,Earth Fault            
2,9,14,1,Earth Fault            
2,9,14,2,Loop:9 Device:14/2     
2,9,14,3,Loop:9 Device:14/3     
2,9,14,4,Loop:9 Device:14/4     
2,9,15,0,24V Fuse               
2,9,15,1,24V Fuse               
2,9,15,2,Loop:9 Device:15/2     
2,9,15,3,Loop:9 Device:15/3     
2,9,15,4,Loop:9 Device:15/4     
2,9,16,0,NETWORK CARD           
2,9,16,1,NETWORK CARD           
2,9,16,2,Loop:9 Device:16/2     
2,9,16,3,Loop:9 Device:16/3     
2,9,16,4,Loop:9 Device:16/4     
2,1,1,0,MEADOW PARK RM 21      
2,1,1,1,MEADOW PARK RM 21      
2,1,1,2,MEADOW PARK RM 21      
2,1,1,3,MEADOW PARK RM 21      
2,1,1,4,MEADOW PARK RM 21      
2,1,2,0,MEADOW PARK RM 21      
2,1,2,1,MEADOW PARK RM 21      
2,1,2,2,MEADOW PARK RM 21      
2,1,2,3,Loop:1 Device:2/3      
2,1,2,4,Loop:1 Device:2/4      
2,1,3,0,MEADOW PARK RM 20      
2,1,3,1,MEADOW PARK RM 20      
2,1,3,2,MEADOW PARK RM 20      
2,1,3,3,MEADOW PARK RM 20      
2,1,3,4,MEADOW PARK RM 20      
2,1,4,0,MEADOW PARK RM 20      
2,1,4,1,MEADOW PARK RM 20      
2,1,4,2,MEADOW PARK RM 20      
2,1,4,3,Loop:1 Device:4/3      
2,1,4,4,Loop:1 Device:4/4      
2,1,5,0,MEADOW PARK RM 19      
2,1,5,1,MEADOW PARK RM 19      
2,1,5,2,MEADOW PARK RM 19      
2,1,5,3,Loop:1 Device:5/3      
2,1,5,4,Loop:1 Device:5/4      
2,1,6,0,MEADOW PARK RM 19      
2,1,6,1,MEADOW PARK RM 19      
2,1,6,2,MEADOW PARK RM 19      
2,1,6,3,MEADOW PARK RM 19      
2,1,6,4,MEADOW PARK RM 19      
2,1,7,0,MEADOW PARK RM 18      
2,1,7,1,MEADOW PARK RM 18      
2,1,7,2,MEADOW PARK RM 18      
2,1,7,3,MEADOW PARK RM 18      
2,1,7,4,MEADOW PARK RM 18      
2,1,8,0,MEADOW PARK RM 18      
2,1,8,1,MEADOW PARK RM 18      
2,1,8,2,MEADOW PARK RM 18      
2,1,8,3,Loop:1 Device:8/3      
2,1,8,4,Loop:1 Device:8/4      
2,1,9,0,MEADOW PARK RM 17      
2,1,9,1,MEADOW PARK RM 17      
2,1,9,2,MEADOW PARK RM 17      
2,1,9,3,Loop:1 Device:9/3      
2,1,9,4,Loop:1 Device:9/4      
2,1,10,0,MEADOW PARK RM 17      
2,1,10,1,MEADOW PARK RM 17      
2,1,10,2,MEADOW PARK RM 17      
2,1,10,3,MEADOW PARK RM 17      
2,1,10,4,MEADOW PARK RM 17      
2,1,11,0,MEADOW PARK RM 16      
2,1,11,1,MEADOW PARK RM 16      
2,1,11,2,MEADOW PARK RM 16      
2,1,11,3,MEADOW PARK RM 16      
2,1,11,4,MEADOW PARK RM 16      
2,1,12,0,MEADOW PARK RM 16      
2,1,12,1,MEADOW PARK RM 16      
2,1,12,2,MEADOW PARK RM 16      
2,1,12,3,Loop:1 Device:12/3     
2,1,12,4,Loop:1 Device:12/4     
2,1,13,0,MEADOW PARK RM 15      
2,1,13,1,MEADOW PARK RM 15      
2,1,13,2,MEADOW PARK RM 15      
2,1,13,3,Loop:1 Device:13/3     
2,1,13,4,Loop:1 Device:13/4     
2,1,14,0,MEADOW PARK RM 15      
2,1,14,1,MEADOW PARK RM 15      
2,1,14,2,MEADOW PARK RM 15      
2,1,14,3,MEADOW PARK RM 15      
2,1,14,4,MEADOW PARK RM 15      
2,1,15,0,MEADOW PARK RM 14      
2,1,15,1,MEADOW PARK RM 14      
2,1,15,2,MEADOW PARK RM 14      
2,1,15,3,MEADOW PARK RM 14      
2,1,15,4,MEADOW PARK RM 14      
2,1,16,0,MEADOW PARK RM 14      
2,1,16,1,MEADOW PARK RM 14      
2,1,16,2,MEADOW PARK RM 14      
2,1,16,3,Loop:1 Device:16/3     
2,1,16,4,Loop:1 Device:16/4     
2,1,17,0,MEADOW PARK CORRIDOR   
2,1,17,1,MEADOW PARK CORRIDOR   
2,1,17,2,MEADOW PARK CORRIDOR   
2,1,17,3,Loop:1 Device:17/3     
2,1,17,4,Loop:1 Device:17/4     
2,1,18,0,MEADOW PARK CORRIDOR   
2,1,18,1,MEADOW PARK CORRIDOR   
2,1,18,2,MEADOW PARK CORRIDOR   
2,1,18,3,Loop:1 Device:18/3     
2,1,18,4,Loop:1 Device:18/4     
2,1,19,0,MEADOW PARK FAR FIRE EXI
2,1,19,1,MEADOW PARK FAR FIRE EXI
2,1,19,2,Loop:1 Device:19/2     
2,1,19,3,Loop:1 Device:19/3     
2,1,19,4,Loop:1 Device:19/4     
2,1,20,0,MEADOW PARK RM 13      
2,1,20,1,MEADOW PARK RM 13      
2,1,20,2,MEADOW PARK RM 13      
2,1,20,3,MEADOW PARK RM 13      
2,1,20,4,MEADOW PARK RM 13      
2,1,21,0,MEADOW PARK RM 13      
2,1,21,1,MEADOW PARK RM 13      
2,1,21,2,MEADOW PARK RM 13      
2,1,21,3,Loop:1 Device:21/3     
2,1,21,4,Loop:1 Device:21/4     
2,1,22,0,MEADOW PARK RM 12      
2,1,22,1,MEADOW PARK RM 12      
2,1,22,2,MEADOW PARK RM 12      
2,1,22,3,Loop:1 Device:22/3     
2,1,22,4,Loop:1 Device:22/4     
2,1,23,0,MEADOW PARK RM 12      
2,1,23,1,MEADOW PARK RM 12      
2,1,23,2,MEADOW PARK RM 12      
2,1,23,3,MEADOW PARK RM 12      
2,1,23,4,MEADOW PARK RM 12      
2,1,24,0,MEADOW PARK RM 11      
2,1,24,1,MEADOW PARK RM 11      
2,1,24,2,MEADOW PARK RM 11      
2,1,24,3,MEADOW PARK RM 11      
2,1,24,4,MEADOW PARK RM 11      
2,1,25,0,MEADOW PARK RM 11      
2,1,25,1,MEADOW PARK RM 11      
2,1,25,2,MEADOW PARK RM 11      
2,1,25,3,Loop:1 Device:25/3     
2,1,25,4,Loop:1 Device:25/4     
2,1,26,0,MEADOW PARK EXIT BY RM 1
2,1,26,1,MEADOW PARK EXIT BY RM 1
2,1,26,2,Loop:1 Device:26/2     
2,1,26,3,Loop:1 Device:26/3     
2,1,26,4,Loop:1 Device:26/4     
2,1,27,0,MEADOW PARK STAIRWELL CO
2,1,27,1,MEADOW PARK STAIRWELL CO
2,1,27,2,MEADOW PARK STAIRWELL CO
2,1,27,3,Loop:1 Device:27/3     
2,1,27,4,Loop:1 Device:27/4     
2,1,28,0,MEADOW PARK STAIRWELL CO
2,1,28,1,MEADOW PARK STAIRWELL CO
2,1,28,2,MEADOW PARK STAIRWELL CO
2,1,28,3,Loop:1 Device:28/3     
2,1,28,4,Loop:1 Device:28/4     
2,1,29,0,MEADOW PARK STAIRWELL CO
2,1,29,1,MEADOW PARK STAIRWELL CO
2,1,29,2,MEADOW PARK STAIRWELL CO
2,1,29,3,MEADOW PARK STAIRWELL CO
2,1,29,4,MEADOW PARK STAIRWELL CO
2,1,30,0,MEADOW PARK ELECTRICAL R
2,1,30,1,MEADOW PARK ELECTRICAL R
2,1,30,2,MEADOW PARK ELECTRICAL R
2,1,30,3,Loop:1 Device:30/3     
2,1,30,4,Loop:1 Device:30/4     
2,1,31,0,MEADOW PARK ADJ RM 17  
2,1,31,1,MEADOW PARK ADJ RM 17  
2,1,31,2,Loop:1 Device:31/2     
2,1,31,3,Loop:1 Device:31/3     
2,1,31,4,Loop:1 Device:31/4     
2,1,32,0,MEADOW PARK CORRIDOR   
2,1,32,1,MEADOW PARK CORRIDOR   
2,1,32,2,MEADOW PARK CORRIDOR   
2,1,32,3,Loop:1 Device:32/3     
2,1,32,4,Loop:1 Device:32/4     
2,1,33,0,MEADOW PARK CORRIDOR   
2,1,33,1,MEADOW PARK CORRIDOR   
2,1,33,2,MEADOW PARK CORRIDOR   
2,1,33,3,Loop:1 Device:33/3     
2,1,33,4,Loop:1 Device:33/4     
2,1,34,0,MEADOW PARK RM 10      
2,1,34,1,MEADOW PARK RM 10      
2,1,34,2,MEADOW PARK RM 10      
2,1,34,3,Loop:1 Device:34/3     
2,1,34,4,Loop:1 Device:34/4     
2,1,35,0,MEADOW PARK RM 10      
2,1,35,1,MEADOW PARK RM 10      
2,1,35,2,MEADOW PARK RM 10      
2,1,35,3,MEADOW PARK RM 10      
2,1,35,4,MEADOW PARK RM 10      
2,1,36,0,MEADOW PARK RM 9       
2,1,36,1,MEADOW PARK RM 9       
2,1,36,2,MEADOW PARK RM 9       
2,1,36,3,MEADOW PARK RM 9       
2,1,36,4,MEADOW PARK RM 9       
2,1,37,0,MEADOW PARK RM 9       
2,1,37,1,MEADOW PARK RM 9       
2,1,37,2,MEADOW PARK RM 9       
2,1,37,3,Loop:1 Device:37/3     
2,1,37,4,Loop:1 Device:37/4     
2,1,38,0,MEADOW PARK RM 8       
2,1,38,1,MEADOW PARK RM 8       
2,1,38,2,MEADOW PARK RM 8       
2,1,38,3,Loop:1 Device:38/3     
2,1,38,4,Loop:1 Device:38/4     
2,1,39,0,MEADOW PARK RM 8       
2,1,39,1,MEADOW PARK RM 8       
2,1,39,2,MEADOW PARK RM 8       
2,1,39,3,MEADOW PARK RM 8       
2,1,39,4,MEADOW PARK RM 8       
2,1,40,0,MEADOW PARK RM 7       
2,1,40,1,MEADOW PARK RM 7       
2,1,40,2,MEADOW PARK RM 7       
2,1,40,3,Loop:1 Device:40/3     
2,1,40,4,Loop:1 Device:40/4     
2,1,41,0,MEADOW PARK RM 7       
2,1,41,1,MEADOW PARK RM 7       
2,1,41,2,MEADOW PARK RM 7       
2,1,41,3,MEADOW PARK RM 7       
2,1,41,4,MEADOW PARK RM 7       
2,1,42,0,MEADOW PARK CORRIDOR   
2,1,42,1,MEADOW PARK CORRIDOR   
2,1,42,2,MEADOW PARK CORRIDOR   
2,1,42,3,Loop:1 Device:42/3     
2,1,42,4,Loop:1 Device:42/4     
2,1,43,0,MEADOW PARK CORRIDOR   
2,1,43,1,MEADOW PARK CORRIDOR   
2,1,43,2,MEADOW PARK CORRIDOR   
2,1,43,3,Loop:1 Device:43/3     
2,1,43,4,Loop:1 Device:43/4     
2,1,44,0,MEADOW PARK CORRIDOR   
2,1,44,1,MEADOW PARK CORRIDOR   
2,1,44,2,MEADOW PARK CORRIDOR   
2,1,44,3,Loop:1 Device:44/3     
2,1,44,4,Loop:1 Device:44/4     
2,1,45,0,MEADOW PARK CORRIDOR   
2,1,45,1,MEADOW PARK CORRIDOR   
2,1,45,2,MEADOW PARK CORRIDOR   
2,1,45,3,Loop:1 Device:45/3     
2,1,45,4,Loop:1 Device:45/4     
2,1,46,0,MEADOW PARK CORRIDOR   
2,1,46,1,MEADOW PARK CORRIDOR   
2,1,46,2,MEADOW PARK CORRIDOR   
2,1,46,3,MEADOW PARK CORRIDOR   
2,1,46,4,MEADOW PARK CORRIDOR   
2,1,47,0,BLUEBELL RM 9          
2,1,47,1,BLUEBELL RM 9          
2,1,47,2,BLUEBELL RM 9          
2,1,47,3,Loop:1 Device:47/3     
2,1,47,4,Loop:1 Device:47/4     
2,1,48,0,BLUEBELL RM 9          
2,1,48,1,BLUEBELL RM 9          
2,1,48,2,BLUEBELL RM 9          
2,1,48,3,BLUEBELL RM 9          
2,1,48,4,BLUEBELL RM 9          
2,1,49,0,BLUEBELL RM 10         
2,1,49,1,BLUEBELL RM 10         
2,1,49,2,BLUEBELL RM 10         
2,1,49,3,Loop:1 Device:49/3     
2,1,49,4,Loop:1 Device:49/4     
2,1,50,0,BLUEBELL RM 10         
2,1,50,1,BLUEBELL RM 10         
2,1,50,2,BLUEBELL RM 10         
2,1,50,3,BLUEBELL RM 10         
2,1,50,4,BLUEBELL RM 10         
2,1,51,0,BLUEBELL RM 11         
2,1,51,1,BLUEBELL RM 11         
2,1,51,2,BLUEBELL RM 11         
2,1,51,3,Loop:1 Device:51/3     
2,1,51,4,Loop:1 Device:51/4     
2,1,52,0,BLUEBELL RM 11         
2,1,52,1,BLUEBELL RM 11         
2,1,52,2,BLUEBELL RM 11         
2,1,52,3,BLUEBELL RM 11         
2,1,52,4,BLUEBELL RM 11         
2,1,53,0,BLUEBELL RM 12         
2,1,53,1,BLUEBELL RM 12         
2,1,53,2,BLUEBELL RM 12         
2,1,53,3,BLUEBELL RM 12         
2,1,53,4,BLUEBELL RM 12         
2,1,54,0,BLUEBELL RM 12         
2,1,54,1,BLUEBELL RM 12         
2,1,54,2,BLUEBELL RM 12         
2,1,54,3,Loop:1 Device:54/3     
2,1,54,4,Loop:1 Device:54/4     
2,1,55,0,BLUEBELL STAIRWELL LANDI
2,1,55,1,BLUEBELL STAIRWELL LANDI
2,1,55,2,BLUEBELL STAIRWELL LANDI
2,1,55,3,Loop:1 Device:55/3     
2,1,55,4,Loop:1 Device:55/4     
2,1,56,0,BLUEBELL STAIRWELL LANDI
2,1,56,1,BLUEBELL STAIRWELL LANDI
2,1,56,2,BLUEBELL STAIRWELL LANDI
2,1,56,3,Loop:1 Device:56/3     
2,1,56,4,Loop:1 Device:56/4     
2,1,57,0,BLUEBELL ELECTRICAL RM 
2,1,57,1,BLUEBELL ELECTRICAL RM 
2,1,57,2,BLUEBELL ELECTRICAL RM 
2,1,57,3,Loop:1 Device:57/3     
2,1,57,4,Loop:1 Device:57/4     
2,1,58,0,BLUEBELL STAIRWELL LANDI
2,1,58,1,BLUEBELL STAIRWELL LANDI
2,1,58,2,BLUEBELL STAIRWELL LANDI
2,1,58,3,BLUEBELL STAIRWELL LANDI
2,1,58,4,BLUEBELL STAIRWELL LANDI
2,1,59,0,BLUEBELL CORRIDOR ADJ RM
2,1,59,1,BLUEBELL CORRIDOR ADJ RM
2,1,59,2,Loop:1 Device:59/2     
2,1,59,3,Loop:1 Device:59/3     
2,1,59,4,Loop:1 Device:59/4     
2,1,60,0,BLUEBELL RM 13         
2,1,60,1,BLUEBELL RM 13         
2,1,60,2,BLUEBELL RM 13         
2,1,60,3,BLUEBELL RM 13         
2,1,60,4,BLUEBELL RM 13         
2,1,61,0,BLUEBELL RM 13         
2,1,61,1,BLUEBELL RM 13         
2,1,61,2,BLUEBELL RM 13         
2,1,61,3,Loop:1 Device:61/3     
2,1,61,4,Loop:1 Device:61/4     
2,1,62,0,BLUEBELL RM 14         
2,1,62,1,BLUEBELL RM 14         
2,1,62,2,BLUEBELL RM 14         
2,1,62,3,Loop:1 Device:62/3     
2,1,62,4,Loop:1 Device:62/4     
2,1,63,0,BLUEBELL RM 14         
2,1,63,1,BLUEBELL RM 14         
2,1,63,2,BLUEBELL RM 14         
2,1,63,3,BLUEBELL RM 14         
2,1,63,4,BLUEBELL RM 14         
2,1,64,0,BLUEBELL RM 15         
2,1,64,1,BLUEBELL RM 15         
2,1,64,2,BLUEBELL RM 15         
2,1,64,3,BLUEBELL RM 15         
2,1,64,4,BLUEBELL RM 15         
2,1,65,0,BLUEBELL RM 15         
2,1,65,1,BLUEBELL RM 15         
2,1,65,2,BLUEBELL RM 15         
2,1,65,3,Loop:1 Device:65/3     
2,1,65,4,Loop:1 Device:65/4     
2,1,66,0,BLUEBELL CORRIDOR      
2,1,66,1,BLUEBELL CORRIDOR      
2,1,66,2,BLUEBELL CORRIDOR      
2,1,66,3,Loop:1 Device:66/3     
2,1,66,4,Loop:1 Device:66/4     
2,1,67,0,BLUEBELL CORRIDOR      
2,1,67,1,BLUEBELL CORRIDOR      
2,1,67,2,BLUEBELL CORRIDOR      
2,1,67,3,Loop:1 Device:67/3     
2,1,67,4,Loop:1 Device:67/4     
2,1,68,0,BLUEBELL RM 16         
2,1,68,1,BLUEBELL RM 16         
2,1,68,2,BLUEBELL RM 16         
2,1,68,3,BLUEBELL RM 16         
2,1,68,4,BLUEBELL RM 16         
2,1,69,0,BLUEBELL RM 16         
2,1,69,1,BLUEBELL RM 16         
2,1,69,2,BLUEBELL RM 16         
2,1,69,3,Loop:1 Device:69/3     
2,1,69,4,Loop:1 Device:69/4     
2,1,70,0,BLUEBELL RM 17         
2,1,70,1,BLUEBELL RM 17         
2,1,70,2,BLUEBELL RM 17         
2,1,70,3,Loop:1 Device:70/3     
2,1,70,4,Loop:1 Device:70/4     
2,1,71,0,BLUEBELL RM 17         
2,1,71,1,BLUEBELL RM 17         
2,1,71,2,BLUEBELL RM 17         
2,1,71,3,BLUEBELL RM 17         
2,1,71,4,BLUEBELL RM 17         
2,1,72,0,BLUEBELL RM 18         
2,1,72,1,BLUEBELL RM 18         
2,1,72,2,BLUEBELL RM 18         
2,1,72,3,Loop:1 Device:72/3     
2,1,72,4,Loop:1 Device:72/4     
2,1,73,0,BLUEBELL RM 18         
2,1,73,1,BLUEBELL RM 18         
2,1,73,2,BLUEBELL RM 18         
2,1,73,3,BLUEBELL RM 18         
2,1,73,4,BLUEBELL RM 18         
2,1,74,0,BLUEBELL RM 19         
2,1,74,1,BLUEBELL RM 19         
2,1,74,2,BLUEBELL RM 19         
2,1,74,3,BLUEBELL RM 19         
2,1,74,4,BLUEBELL RM 19         
2,1,75,0,BLUEBELL RM 19         
2,1,75,1,BLUEBELL RM 19         
2,1,75,2,BLUEBELL RM 19         
2,1,75,3,Loop:1 Device:75/3     
2,1,75,4,Loop:1 Device:75/4     
2,1,76,0,BLUEBELL RM 20         
2,1,76,1,BLUEBELL RM 20         
2,1,76,2,BLUEBELL RM 20         
2,1,76,3,Loop:1 Device:76/3     
2,1,76,4,Loop:1 Device:76/4     
2,1,77,0,BLUEBELL RM 20         
2,1,77,1,BLUEBELL RM 20         
2,1,77,2,BLUEBELL RM 20         
2,1,77,3,BLUEBELL RM 20         
2,1,77,4,BLUEBELL RM 20         
2,1,78,0,BLUEBELL RM 21         
2,1,78,1,BLUEBELL RM 21         
2,1,78,2,BLUEBELL RM 21         
2,1,78,3,BLUEBELL RM 21         
2,1,78,4,BLUEBELL RM 21         
2,1,79,0,BLUEBELL RM 21         
2,1,79,1,BLUEBELL RM 21         
2,1,79,2,BLUEBELL RM 21         
2,1,79,3,Loop:1 Device:79/3     
2,1,79,4,Loop:1 Device:79/4     
2,1,80,0,BLUEBELL RM 22         
2,1,80,1,BLUEBELL RM 22         
2,1,80,2,BLUEBELL RM 22         
2,1,80,3,Loop:1 Device:80/3     
2,1,80,4,Loop:1 Device:80/4     
2,1,81,0,BLUEBELL RM 22         
2,1,81,1,BLUEBELL RM 22         
2,1,81,2,BLUEBELL RM 22         
2,1,81,3,BLUEBELL RM 22         
2,1,81,4,BLUEBELL RM 22         
2,1,82,0,BLUEBELL RM 23         
2,1,82,1,BLUEBELL RM 23         
2,1,82,2,BLUEBELL RM 23         
2,1,82,3,BLUEBELL RM 23         
2,1,82,4,BLUEBELL RM 23         
2,1,83,0,BLUEBELL RM 23         
2,1,83,1,BLUEBELL RM 23         
2,1,83,2,BLUEBELL RM 23         
2,1,83,3,Loop:1 Device:83/3     
2,1,83,4,Loop:1 Device:83/4     
2,1,84,0,BLUEBELL CORRIDOR      
2,1,84,1,BLUEBELL CORRIDOR      
2,1,84,2,BLUEBELL CORRIDOR      
2,1,84,3,Loop:1 Device:84/3     
2,1,84,4,Loop:1 Device:84/4     
2,1,85,0,BLUEBELL CORRIDOR      
2,1,85,1,BLUEBELL CORRIDOR      
2,1,85,2,BLUEBELL CORRIDOR      
2,1,85,3,Loop:1 Device:85/3     
2,1,85,4,Loop:1 Device:85/4     
2,1,86,0,BLUEBELL CORRIDOR      
2,1,86,1,BLUEBELL CORRIDOR      
2,1,86,2,BLUEBELL CORRIDOR      
2,1,86,3,Loop:1 Device:86/3     
2,1,86,4,Loop:1 Device:86/4     
2,1,87,0,BLUEBELL CORRIDOR      
2,1,87,1,BLUEBELL CORRIDOR      
2,1,87,2,BLUEBELL CORRIDOR      
2,1,87,3,Loop:1 Device:87/3     
2,1,87,4,Loop:1 Device:87/4     
2,1,88,0,BLUEBELL CORRIDOR      
2,1,88,1,BLUEBELL CORRIDOR      
2,1,88,2,BLUEBELL CORRIDOR      
2,1,88,3,Loop:1 Device:88/3     
2,1,88,4,Loop:1 Device:88/4     
2,1,89,0,BLUEBELL CORRIDOR      
2,1,89,1,BLUEBELL CORRIDOR      
2,1,89,2,BLUEBELL CORRIDOR      
2,1,89,3,Loop:1 Device:89/3     
2,1,89,4,Loop:1 Device:89/4     
2,1,90,0,MEADOW PARK UNDER STAIRS
2,1,90,1,MEADOW PARK UNDER STAIRS
2,1,90,2,MEADOW PARK UNDER STAIRS
2,1,90,3,MEADOW PARK UNDER STAIRS
2,1,90,4,MEADOW PARK UNDER STAIRS
2,1,91,0,MEADOW PARK UNDER STAIRS
2,1,91,1,MEADOW PARK UNDER STAIRS
2,1,91,2,MEADOW PARK UNDER STAIRS
2,1,91,3,Loop:1 Device:91/3     
2,1,91,4,Loop:1 Device:91/4     
2,1,92,0,MEADOW PARK UNDER STAIRS
2,1,92,1,MEADOW PARK UNDER STAIRS
2,1,92,2,MEADOW PARK UNDER STAIRS
2,1,92,3,Loop:1 Device:92/3     
2,1,92,4,Loop:1 Device:92/4     
2,1,93,0,BLUEBELL CORRIDOR      
2,1,93,1,BLUEBELL CORRIDOR      
2,1,93,2,BLUEBELL CORRIDOR      
2,1,93,3,BLUEBELL CORRIDOR      
2,1,93,4,BLUEBELL CORRIDOR      
2,1,94,0,BLUEBELL CORRIDOR      
2,1,94,1,BLUEBELL CORRIDOR      
2,1,94,2,BLUEBELL CORRIDOR      
2,1,94,3,BLUEBELL CORRIDOR      
2,1,94,4,BLUEBELL CORRIDOR      
2,1,96,0,Loop:1 Device:96/0     
2,1,96,1,Loop:1 Device:96/1     
2,1,96,2,Loop:1 Device:96/2     
2,1,96,3,Loop:1 Device:96/3     
2,1,96,4,Loop:1 Device:96/4     
2,1,97,0,Loop:1 Device:97/0     
2,1,97,1,Loop:1 Device:97/1     
2,1,97,2,Loop:1 Device:97/2     
2,1,97,3,Loop:1 Device:97/3     
2,1,97,4,Loop:1 Device:97/4     
2,2,1,0,BLUEBELL RISER ADJ STAFF
2,2,1,1,BLUEBELL RISER ADJ STAFF
2,2,1,2,BLUEBELL RISER ADJ STAFF
2,2,1,3,BLUEBELL RISER ADJ STAFF
2,2,1,4,BLUEBELL RISER ADJ STAFF
2,2,2,0,RECEPTION OFFICE       
2,2,2,1,RECEPTION OFFICE       
2,2,2,2,RECEPTION OFFICE       
2,2,2,3,Loop:2 Device:2/3      
2,2,2,4,Loop:2 Device:2/4      
2,2,3,0,TOILET BY RECEPTION    
2,2,3,1,TOILET BY RECEPTION    
2,2,3,2,TOILET BY RECEPTION    
2,2,3,3,Loop:2 Device:3/3      
2,2,3,4,Loop:2 Device:3/4      
2,2,4,0,FOYER L/H/S            
2,2,4,1,FOYER L/H/S            
2,2,4,2,FOYER L/H/S            
2,2,4,3,Loop:2 Device:4/3      
2,2,4,4,Loop:2 Device:4/4      
2,2,5,0,FOYER R/H/S            
2,2,5,1,FOYER R/H/S            
2,2,5,2,FOYER R/H/S            
2,2,5,3,Loop:2 Device:5/3      
2,2,5,4,Loop:2 Device:5/4      
2,2,6,0,CORRIDOR ADJ ASST BATHRO
2,2,6,1,CORRIDOR ADJ ASST BATHRO
2,2,6,2,CORRIDOR ADJ ASST BATHRO
2,2,6,3,Loop:2 Device:6/3      
2,2,6,4,Loop:2 Device:6/4      
2,2,7,0,ASSISTED BATH          
2,2,7,1,ASSISTED BATH          
2,2,7,2,ASSISTED BATH          
2,2,7,3,Loop:2 Device:7/3      
2,2,7,4,Loop:2 Device:7/4      
2,2,8,0,MEDS ROOM              
2,2,8,1,MEDS ROOM              
2,2,8,2,MEDS ROOM              
2,2,8,3,Loop:2 Device:8/3      
2,2,8,4,Loop:2 Device:8/4      
2,2,9,0,NURSE STATION          
2,2,9,1,NURSE STATION          
2,2,9,2,NURSE STATION          
2,2,9,3,NURSE STATION          
2,2,9,4,NURSE STATION          
2,2,10,0,MEDOW RM 2             
2,2,10,1,MEDOW RM 2             
2,2,10,2,MEDOW RM 2             
2,2,10,3,MEDOW RM 2             
2,2,10,4,MEDOW RM 2             
2,2,11,0,MEDOW RM 2             
2,2,11,1,MEDOW RM 2             
2,2,11,2,MEDOW RM 2             
2,2,11,3,Loop:2 Device:11/3     
2,2,11,4,Loop:2 Device:11/4     
2,2,12,0,MEDOW RM 1             
2,2,12,1,MEDOW RM 1             
2,2,12,2,MEDOW RM 1             
2,2,12,3,Loop:2 Device:12/3     
2,2,12,4,Loop:2 Device:12/4     
2,2,13,0,ENTRANCE               
2,2,13,1,ENTRANCE               
2,2,13,2,ENTRANCE               
2,2,13,3,ENTRANCE               
2,2,13,4,ENTRANCE               
2,2,14,0,MEDOW RM 1             
2,2,14,1,MEDOW RM 1             
2,2,14,2,MEDOW RM 1             
2,2,14,3,MEDOW RM 1             
2,2,14,4,MEDOW RM 1             
2,2,15,0,OUTSIDE L/H GATE       
2,2,15,1,OUTSIDE L/H GATE       
2,2,15,2,OUTSIDE L/H GATE       
2,2,15,3,OUTSIDE L/H GATE       
2,2,15,4,OUTSIDE L/H GATE       
2,2,16,0,MEDOW CAFE             
2,2,16,1,MEDOW CAFE             
2,2,16,2,MEDOW CAFE             
2,2,16,3,Loop:2 Device:16/3     
2,2,16,4,Loop:2 Device:16/4     
2,2,17,0,MEDOW CAFE             
2,2,17,1,MEDOW CAFE             
2,2,17,2,MEDOW CAFE             
2,2,17,3,MEDOW CAFE             
2,2,17,4,MEDOW CAFE             
2,2,18,0,CORRIDOR ADJ RM 1      
2,2,18,1,CORRIDOR ADJ RM 1      
2,2,18,2,CORRIDOR ADJ RM 1      
2,2,18,3,Loop:2 Device:18/3     
2,2,18,4,Loop:2 Device:18/4     
2,2,19,0,BLUEBELL RM 6          
2,2,19,1,BLUEBELL RM 6          
2,2,19,2,BLUEBELL RM 6          
2,2,19,3,Loop:2 Device:19/3     
2,2,19,4,Loop:2 Device:19/4     
2,2,20,0,MEDOW LOUNGE           
2,2,20,1,MEDOW LOUNGE           
2,2,20,2,MEDOW LOUNGE           
2,2,20,3,Loop:2 Device:20/3     
2,2,20,4,Loop:2 Device:20/4     
2,2,21,0,MEDOW LOUNGE           
2,2,21,1,MEDOW LOUNGE           
2,2,21,2,MEDOW LOUNGE           
2,2,21,3,Loop:2 Device:21/3     
2,2,21,4,Loop:2 Device:21/4     
2,2,22,0,MEDOW LOUNGE           
2,2,22,1,MEDOW LOUNGE           
2,2,22,2,MEDOW LOUNGE           
2,2,22,3,Loop:2 Device:22/3     
2,2,22,4,Loop:2 Device:22/4     
2,2,23,0,CORRIDOR ADJ N/S       
2,2,23,1,CORRIDOR ADJ N/S       
2,2,23,2,CORRIDOR ADJ N/S       
2,2,23,3,Loop:2 Device:23/3     
2,2,23,4,Loop:2 Device:23/4     
2,2,24,0,CORRIDOR ADJ N/S       
2,2,24,1,CORRIDOR ADJ N/S       
2,2,24,2,CORRIDOR ADJ N/S       
2,2,24,3,Loop:2 Device:24/3     
2,2,24,4,Loop:2 Device:24/4     
2,2,25,0,OUTSIED R/H GATE       
2,2,25,1,OUTSIED R/H GATE       
2,2,25,2,OUTSIED R/H GATE       
2,2,25,3,OUTSIED R/H GATE       
2,2,25,4,OUTSIED R/H GATE       
2,2,26,0,RISER ADJ N/S          
2,2,26,1,RISER ADJ N/S          
2,2,26,2,RISER ADJ N/S          
2,2,26,3,RISER ADJ N/S          
2,2,26,4,RISER ADJ N/S          
2,2,27,0,CORRIDOR LIFT          
2,2,27,1,CORRIDOR LIFT          
2,2,27,2,CORRIDOR LIFT          
2,2,27,3,Loop:2 Device:27/3     
2,2,27,4,Loop:2 Device:27/4     
2,2,28,0,CORRIDOR ADJ ASS BATH  
2,2,28,1,CORRIDOR ADJ ASS BATH  
2,2,28,2,CORRIDOR ADJ ASS BATH  
2,2,28,3,Loop:2 Device:28/3     
2,2,28,4,Loop:2 Device:28/4     
2,2,29,0,MEDOW RM 3             
2,2,29,1,MEDOW RM 3             
2,2,29,2,MEDOW RM 3             
2,2,29,3,Loop:2 Device:29/3     
2,2,29,4,Loop:2 Device:29/4     
2,2,30,0,IN CELING A/C          
2,2,30,1,IN CELING A/C          
2,2,30,2,IN CELING A/C          
2,2,30,3,IN CELING A/C          
2,2,30,4,IN CELING A/C          
2,2,31,0,MEDOW RM 3             
2,2,31,1,MEDOW RM 3             
2,2,31,2,MEDOW RM 3             
2,2,31,3,MEDOW RM 3             
2,2,31,4,MEDOW RM 3             
2,2,32,0,MEDOW RM 4             
2,2,32,1,MEDOW RM 4             
2,2,32,2,MEDOW RM 4             
2,2,32,3,MEDOW RM 4             
2,2,32,4,MEDOW RM 4             
2,2,33,0,CORRIDOR ADJ RM 4      
2,2,33,1,CORRIDOR ADJ RM 4      
2,2,33,2,CORRIDOR ADJ RM 4      
2,2,33,3,Loop:2 Device:33/3     
2,2,33,4,Loop:2 Device:33/4     
2,2,34,0,CORRIDOR ADJ RM 4      
2,2,34,1,CORRIDOR ADJ RM 4      
2,2,34,2,CORRIDOR ADJ RM 4      
2,2,34,3,Loop:2 Device:34/3     
2,2,34,4,Loop:2 Device:34/4     
2,2,35,0,MAIN KITCHEN           
2,2,35,1,MAIN KITCHEN           
2,2,35,2,MAIN KITCHEN           
2,2,35,3,Loop:2 Device:35/3     
2,2,35,4,Loop:2 Device:35/4     
2,2,36,0,SALON                  
2,2,36,1,SALON                  
2,2,36,2,SALON                  
2,2,36,3,Loop:2 Device:36/3     
2,2,36,4,Loop:2 Device:36/4     
2,2,37,0,SALON                  
2,2,37,1,SALON                  
2,2,37,2,SALON                  
2,2,37,3,SALON                  
2,2,37,4,SALON                  
2,2,38,0,STAIRCASE              
2,2,38,1,STAIRCASE              
2,2,38,2,STAIRCASE              
2,2,38,3,STAIRCASE              
2,2,38,4,STAIRCASE              
2,2,39,0,STAIRCASE              
2,2,39,1,STAIRCASE              
2,2,39,2,STAIRCASE              
2,2,39,3,Loop:2 Device:39/3     
2,2,39,4,Loop:2 Device:39/4     
2,2,40,0,STAIRCASE              
2,2,40,1,STAIRCASE              
2,2,40,2,STAIRCASE              
2,2,40,3,STAIRCASE              
2,2,40,4,STAIRCASE              
2,2,41,0,S-CASE MAINS           
2,2,41,1,S-CASE MAINS           
2,2,41,2,S-CASE MAINS           
2,2,41,3,Loop:2 Device:41/3     
2,2,41,4,Loop:2 Device:41/4     
2,2,42,0,CORRIDOR MAINS         
2,2,42,1,CORRIDOR MAINS         
2,2,42,2,CORRIDOR MAINS         
2,2,42,3,Loop:2 Device:42/3     
2,2,42,4,Loop:2 Device:42/4     
2,2,43,0,STAIRCASE              
2,2,43,1,STAIRCASE              
2,2,43,2,Loop:2 Device:43/2     
2,2,43,3,Loop:2 Device:43/3     
2,2,43,4,Loop:2 Device:43/4     
2,2,44,0,MEDOW RM 6             
2,2,44,1,MEDOW RM 6             
2,2,44,2,MEDOW RM 6             
2,2,44,3,Loop:2 Device:44/3     
2,2,44,4,Loop:2 Device:44/4     
2,2,45,0,MEDOW RM 6             
2,2,45,1,MEDOW RM 6             
2,2,45,2,MEDOW RM 6             
2,2,45,3,MEDOW RM 6             
2,2,45,4,MEDOW RM 6             
2,2,46,0,MEDOW RM 5             
2,2,46,1,MEDOW RM 5             
2,2,46,2,MEDOW RM 5             
2,2,46,3,MEDOW RM 5             
2,2,46,4,MEDOW RM 5             
2,2,47,0,MEDOW RM 5             
2,2,47,1,MEDOW RM 5             
2,2,47,2,MEDOW RM 5             
2,2,47,3,Loop:2 Device:47/3     
2,2,47,4,Loop:2 Device:47/4     
2,2,48,0,CORRIDOR ADJ RM 5      
2,2,48,1,CORRIDOR ADJ RM 5      
2,2,48,2,CORRIDOR ADJ RM 5      
2,2,48,3,Loop:2 Device:48/3     
2,2,48,4,Loop:2 Device:48/4     
2,2,49,0,CORRIDOR ADJ RM 5      
2,2,49,1,CORRIDOR ADJ RM 5      
2,2,49,2,CORRIDOR ADJ RM 5      
2,2,49,3,Loop:2 Device:49/3     
2,2,49,4,Loop:2 Device:49/4     
2,2,50,0,MEDOW RM 4             
2,2,50,1,MEDOW RM 4             
2,2,50,2,MEDOW RM 4             
2,2,50,3,Loop:2 Device:50/3     
2,2,50,4,Loop:2 Device:50/4     
2,2,51,0,STAIRCASE STORE        
2,2,51,1,STAIRCASE STORE        
2,2,51,2,STAIRCASE STORE        
2,2,51,3,Loop:2 Device:51/3     
2,2,51,4,Loop:2 Device:51/4     
2,2,52,0,CORRIDOR STORE         
2,2,52,1,CORRIDOR STORE         
2,2,52,2,CORRIDOR STORE         
2,2,52,3,Loop:2 Device:52/3     
2,2,52,4,Loop:2 Device:52/4     
2,2,53,0,L/H STAIRCASE DOOR     
2,2,53,1,L/H STAIRCASE DOOR     
2,2,53,2,Loop:2 Device:53/2     
2,2,53,3,Loop:2 Device:53/3     
2,2,53,4,Loop:2 Device:53/4     
2,2,54,0,CORRIDOR ADJ RM 2      
2,2,54,1,CORRIDOR ADJ RM 2      
2,2,54,2,CORRIDOR ADJ RM 2      
2,2,54,3,Loop:2 Device:54/3     
2,2,54,4,Loop:2 Device:54/4     
2,2,55,0,CORRIDOR ADJ RM 2      
2,2,55,1,CORRIDOR ADJ RM 2      
2,2,55,2,CORRIDOR ADJ RM 2      
2,2,55,3,Loop:2 Device:55/3     
2,2,55,4,Loop:2 Device:55/4     
2,2,56,0,STAIRCASE              
2,2,56,1,STAIRCASE              
2,2,56,2,STAIRCASE              
2,2,56,3,Loop:2 Device:56/3     
2,2,56,4,Loop:2 Device:56/4     
2,2,57,0,STAIRCASE              
2,2,57,1,STAIRCASE              
2,2,57,2,STAIRCASE              
2,2,57,3,STAIRCASE              
2,2,57,4,STAIRCASE              
2,2,58,0,DINING ROOM            
2,2,58,1,DINING ROOM            
2,2,58,2,DINING ROOM            
2,2,58,3,DINING ROOM            
2,2,58,4,DINING ROOM            
2,2,59,0,BLUEBELL RM 1          
2,2,59,1,BLUEBELL RM 1          
2,2,59,2,BLUEBELL RM 1          
2,2,59,3,Loop:2 Device:59/3     
2,2,59,4,Loop:2 Device:59/4     
2,2,60,0,BLUEBELL RM 1          
2,2,60,1,BLUEBELL RM 1          
2,2,60,2,BLUEBELL RM 1          
2,2,60,3,BLUEBELL RM 1          
2,2,60,4,BLUEBELL RM 1          
2,2,61,0,BLUEBELL RM 2          
2,2,61,1,BLUEBELL RM 2          
2,2,61,2,BLUEBELL RM 2          
2,2,61,3,BLUEBELL RM 2          
2,2,61,4,BLUEBELL RM 2          
2,2,62,0,BLUEBELL RM 2          
2,2,62,1,BLUEBELL RM 2          
2,2,62,2,BLUEBELL RM 2          
2,2,62,3,Loop:2 Device:62/3     
2,2,62,4,Loop:2 Device:62/4     
2,2,63,0,MAIN OFFICE            
2,2,63,1,MAIN OFFICE            
2,2,63,2,MAIN OFFICE            
2,2,63,3,MAIN OFFICE            
2,2,63,4,MAIN OFFICE            
2,2,64,0,BLUEBELL RM 3          
2,2,64,1,BLUEBELL RM 3          
2,2,64,2,BLUEBELL RM 3          
2,2,64,3,Loop:2 Device:64/3     
2,2,64,4,Loop:2 Device:64/4     
2,2,65,0,BLUEBELL RM 3          
2,2,65,1,BLUEBELL RM 3          
2,2,65,2,BLUEBELL RM 3          
2,2,65,3,BLUEBELL RM 3          
2,2,65,4,BLUEBELL RM 3          
2,2,66,0,BLUEBELL DINING        
2,2,66,1,BLUEBELL DINING        
2,2,66,2,BLUEBELL DINING        
2,2,66,3,Loop:2 Device:66/3     
2,2,66,4,Loop:2 Device:66/4     
2,2,67,0,BLUEBELL LOUNGE        
2,2,67,1,BLUEBELL LOUNGE        
2,2,67,2,BLUEBELL LOUNGE        
2,2,67,3,BLUEBELL LOUNGE        
2,2,67,4,BLUEBELL LOUNGE        
2,2,68,0,BLUEBELL RM 4          
2,2,68,1,BLUEBELL RM 4          
2,2,68,2,BLUEBELL RM 4          
2,2,68,3,BLUEBELL RM 4          
2,2,68,4,BLUEBELL RM 4          
2,2,69,0,BLUEBELL RM 4          
2,2,69,1,BLUEBELL RM 4          
2,2,69,2,BLUEBELL RM 4          
2,2,69,3,Loop:2 Device:69/3     
2,2,69,4,Loop:2 Device:69/4     
2,2,70,0,CORRIDOR ADJ RM 4      
2,2,70,1,CORRIDOR ADJ RM 4      
2,2,70,2,CORRIDOR ADJ RM 4      
2,2,70,3,Loop:2 Device:70/3     
2,2,70,4,Loop:2 Device:70/4     
2,2,71,0,CORRIDOR ADJ RM 4      
2,2,71,1,CORRIDOR ADJ RM 4      
2,2,71,2,CORRIDOR ADJ RM 4      
2,2,71,3,Loop:2 Device:71/3     
2,2,71,4,Loop:2 Device:71/4     
2,2,72,0,BLUEBELL DINING        
2,2,72,1,BLUEBELL DINING        
2,2,72,2,BLUEBELL DINING        
2,2,72,3,BLUEBELL DINING        
2,2,72,4,BLUEBELL DINING        
2,2,73,0,STAFF OFFICE           
2,2,73,1,STAFF OFFICE           
2,2,73,2,STAFF OFFICE           
2,2,73,3,Loop:2 Device:73/3     
2,2,73,4,Loop:2 Device:73/4     
2,2,74,0,BLUEBELL KITCHEN       
2,2,74,1,BLUEBELL KITCHEN       
2,2,74,2,BLUEBELL KITCHEN       
2,2,74,3,Loop:2 Device:74/3     
2,2,74,4,Loop:2 Device:74/4     
2,2,75,0,BLUEBELL WC            
2,2,75,1,BLUEBELL WC            
2,2,75,2,BLUEBELL WC            
2,2,75,3,Loop:2 Device:75/3     
2,2,75,4,Loop:2 Device:75/4     
2,2,76,0,CORRIDOR ADJ N/S       
2,2,76,1,CORRIDOR ADJ N/S       
2,2,76,2,CORRIDOR ADJ N/S       
2,2,76,3,Loop:2 Device:76/3     
2,2,76,4,Loop:2 Device:76/4     
2,2,77,0,CORRIDOR ADJ N/S       
2,2,77,1,CORRIDOR ADJ N/S       
2,2,77,2,CORRIDOR ADJ N/S       
2,2,77,3,Loop:2 Device:77/3     
2,2,77,4,Loop:2 Device:77/4     
2,2,78,0,CORRIDOR LIFT          
2,2,78,1,CORRIDOR LIFT          
2,2,78,2,CORRIDOR LIFT          
2,2,78,3,Loop:2 Device:78/3     
2,2,78,4,Loop:2 Device:78/4     
2,2,79,0,BLUEBELL RM 7          
2,2,79,1,BLUEBELL RM 7          
2,2,79,2,BLUEBELL RM 7          
2,2,79,3,Loop:2 Device:79/3     
2,2,79,4,Loop:2 Device:79/4     
2,2,80,0,CORRIDOR LIFT          
2,2,80,1,CORRIDOR LIFT          
2,2,80,2,CORRIDOR LIFT          
2,2,80,3,Loop:2 Device:80/3     
2,2,80,4,Loop:2 Device:80/4     
2,2,81,0,BLUEBELL LOUNGE        
2,2,81,1,BLUEBELL LOUNGE        
2,2,81,2,BLUEBELL LOUNGE        
2,2,81,3,BLUEBELL LOUNGE        
2,2,81,4,BLUEBELL LOUNGE        
2,2,82,0,BLUEBELL LOUNGE        
2,2,82,1,BLUEBELL LOUNGE        
2,2,82,2,BLUEBELL LOUNGE        
2,2,82,3,Loop:2 Device:82/3     
2,2,82,4,Loop:2 Device:82/4     
2,2,83,0,BLUEBELL LOUNGE        
2,2,83,1,BLUEBELL LOUNGE        
2,2,83,2,BLUEBELL LOUNGE        
2,2,83,3,Loop:2 Device:83/3     
2,2,83,4,Loop:2 Device:83/4     
2,2,84,0,CORRIDOR R/H S-CASE    
2,2,84,1,CORRIDOR R/H S-CASE    
2,2,84,2,Loop:2 Device:84/2     
2,2,84,3,Loop:2 Device:84/3     
2,2,84,4,Loop:2 Device:84/4     
2,2,85,0,R/H EXIT               
2,2,85,1,R/H EXIT               
2,2,85,2,Loop:2 Device:85/2     
2,2,85,3,Loop:2 Device:85/3     
2,2,85,4,Loop:2 Device:85/4     
2,2,87,0,CORRIDOR ADJ RM 5      
2,2,87,1,CORRIDOR ADJ RM 5      
2,2,87,2,CORRIDOR ADJ RM 5      
2,2,87,3,Loop:2 Device:87/3     
2,2,87,4,Loop:2 Device:87/4     
2,2,88,0,CORRIDOR ADJ RM 5      
2,2,88,1,CORRIDOR ADJ RM 5      
2,2,88,2,CORRIDOR ADJ RM 5      
2,2,88,3,Loop:2 Device:88/3     
2,2,88,4,Loop:2 Device:88/4     
2,2,89,0,BLUEBELL RM 5          
2,2,89,1,BLUEBELL RM 5          
2,2,89,2,BLUEBELL RM 5          
2,2,89,3,BLUEBELL RM 5          
2,2,89,4,BLUEBELL RM 5          
2,2,91,0,Loop 2 - Device  91    
2,2,91,1,Loop 2 - Device  91    
2,2,91,2,Loop 2 - Device  91    
2,2,91,3,Loop:2 Device:91/3     
2,2,91,4,Loop:2 Device:91/4     
2,2,92,0,OFFICE                 
2,2,92,1,OFFICE                 
2,2,92,2,OFFICE                 
2,2,92,3,Loop:2 Device:92/3     
2,2,92,4,Loop:2 Device:92/4     
2,2,94,0,BLUEBELL ASS BATH      
2,2,94,1,BLUEBELL ASS BATH      
2,2,94,2,BLUEBELL ASS BATH      
2,2,94,3,Loop:2 Device:94/3     
2,2,94,4,Loop:2 Device:94/4     
2,2,95,0,Loop 2 - Device  95    
2,2,95,1,Loop 2 - Device  95    
2,2,95,2,Loop 2 - Device  95    
2,2,95,3,Loop:2 Device:95/3     
2,2,95,4,Loop:2 Device:95/4     
2,2,96,0,BLUEBELL RM 6          
2,2,96,1,BLUEBELL RM 6          
2,2,96,2,BLUEBELL RM 6          
2,2,96,3,BLUEBELL RM 6          
2,2,96,4,BLUEBELL RM 6          
2,2,97,0,R/H CORRIDOR           
2,2,97,1,R/H CORRIDOR           
2,2,97,2,Loop:2 Device:97/2     
2,2,97,3,Loop:2 Device:97/3     
2,2,97,4,Loop:2 Device:97/4     
2,2,98,0,BLUEBELL RM 7          
2,2,98,1,BLUEBELL RM 7          
2,2,98,2,BLUEBELL RM 7          
2,2,98,3,BLUEBELL RM 7          
2,2,98,4,BLUEBELL RM 7          
2,2,99,0,CORRIDOR ADJ RM 7      
2,2,99,1,CORRIDOR ADJ RM 7      
2,2,99,2,CORRIDOR ADJ RM 7      
2,2,99,3,Loop:2 Device:99/3     
2,2,99,4,Loop:2 Device:99/4     
2,2,100,0,CORRIDOR ADJ RM 7      
2,2,100,1,CORRIDOR ADJ RM 7      
2,2,100,2,CORRIDOR ADJ RM 7      
2,2,100,3,Loop:2 Device:100/3    
2,2,100,4,Loop:2 Device:100/4    
2,2,101,0,L/H CORRIDOR           
2,2,101,1,L/H CORRIDOR           
2,2,101,2,Loop:2 Device:101/2    
2,2,101,3,Loop:2 Device:101/3    
2,2,101,4,Loop:2 Device:101/4    
2,2,102,0,BLUEBELL RM 8          
2,2,102,1,BLUEBELL RM 8          
2,2,102,2,BLUEBELL RM 8          
2,2,102,3,Loop:2 Device:102/3    
2,2,102,4,Loop:2 Device:102/4    
2,2,103,0,BLUEBELL CLINIC        
2,2,103,1,BLUEBELL CLINIC        
2,2,103,2,BLUEBELL CLINIC        
2,2,103,3,Loop:2 Device:103/3    
2,2,103,4,Loop:2 Device:103/4    
2,2,104,0,Loop 2 - Device 104    
2,2,104,1,Loop 2 - Device 104    
2,2,104,2,Loop 2 - Device 104    
2,2,104,3,Loop:2 Device:104/3    
2,2,104,4,Loop:2 Device:104/4    
2,2,106,0,BLUEBELL MAINS RM      
2,2,106,1,BLUEBELL MAINS RM      
2,2,106,2,BLUEBELL MAINS RM      
2,2,106,3,Loop:2 Device:106/3    
2,2,106,4,Loop:2 Device:106/4    
2,2,107,0,BB R/H STAIRCASE       
2,2,107,1,BB R/H STAIRCASE       
2,2,107,2,Loop:2 Device:107/2    
2,2,107,3,Loop:2 Device:107/3    
2,2,107,4,Loop:2 Device:107/4    
2,2,108,0,MAIN OFFICE            
2,2,108,1,MAIN OFFICE            
2,2,108,2,MAIN OFFICE            
2,2,108,3,MAIN OFFICE            
2,2,108,4,MAIN OFFICE            
2,2,109,0,L/H EXIT               
2,2,109,1,L/H EXIT               
2,2,109,2,Loop:2 Device:109/2    
2,2,109,3,Loop:2 Device:109/3    
2,2,109,4,Loop:2 Device:109/4    
2,2,110,0,L/H STAIRCASE          
2,2,110,1,L/H STAIRCASE          
2,2,110,2,Loop:2 Device:110/2    
2,2,110,3,Loop:2 Device:110/3    
2,2,110,4,Loop:2 Device:110/4    
2,2,111,0,N/S PA SYSTEM          
2,2,111,1,N/S PA SYSTEM          
2,2,111,2,N/S PA SYSTEM          
2,2,111,3,N/S PA SYSTEM          
2,2,111,4,N/S PA SYSTEM          
2,2,112,0,Loop 2 - Device 112    
2,2,112,1,Loop 2 - Device 112    
2,2,112,2,Loop 2 - Device 112    
2,2,112,3,Loop:2 Device:112/3    
2,2,112,4,Loop:2 Device:112/4    
2,2,113,0,CORRIDOR ADJ LOUNGE    
2,2,113,1,CORRIDOR ADJ LOUNGE    
2,2,113,2,CORRIDOR ADJ LOUNGE    
2,2,113,3,CORRIDOR ADJ LOUNGE    
2,2,113,4,CORRIDOR ADJ LOUNGE    
2,2,114,0,STORE NXT LIFT         
2,2,114,1,STORE NXT LIFT         
2,2,114,2,STORE NXT LIFT         
2,2,114,3,Loop:2 Device:114/3    
2,2,114,4,Loop:2 Device:114/4    
2,2,115,0,MAIN KIT STORE         
2,2,115,1,MAIN KIT STORE         
2,2,115,2,MAIN KIT STORE         
2,2,115,3,Loop:2 Device:115/3    
2,2,115,4,Loop:2 Device:115/4    
2,2,116,0,STORE NXT LIFT         
2,2,116,1,STORE NXT LIFT         
2,2,116,2,STORE NXT LIFT         
2,2,116,3,STORE NXT LIFT         
2,2,116,4,STORE NXT LIFT         
2,2,118,0,L/H STAIRCASE          
2,2,118,1,L/H STAIRCASE          
2,2,118,2,L/H STAIRCASE          
2,2,118,3,Loop:2 Device:118/3    
2,2,118,4,Loop:2 Device:118/4    
2,2,119,0,CORRIDOR LIFT          
2,2,119,1,CORRIDOR LIFT          
2,2,119,2,CORRIDOR LIFT          
2,2,119,3,Loop:2 Device:119/3    
2,2,119,4,Loop:2 Device:119/4    
2,2,120,0,MAIN ENTRANCE          
2,2,120,1,MAIN ENTRANCE          
2,2,120,2,Loop:2 Device:120/2    
2,2,120,3,Loop:2 Device:120/3    
2,2,120,4,Loop:2 Device:120/4    
2,2,121,0,BLUEBELL RM 8          
2,2,121,1,BLUEBELL RM 8          
2,2,121,2,BLUEBELL RM 8          
2,2,121,3,BLUEBELL RM 8          
2,2,121,4,BLUEBELL RM 8          
2,2,122,0,Loop 2 - Device 122    
2,2,122,1,Loop 2 - Device 122    
2,2,122,2,Loop 2 - Device 122    
2,2,122,3,Loop 2 - Device 122    
2,2,122,4,Loop 2 - Device 122    
2,2,123,0,Loop 2 - Device 123    
2,2,123,1,Loop 2 - Device 123    
2,2,123,2,Loop 2 - Device 123    
2,2,123,3,Loop 2 - Device 123    
2,2,123,4,Loop 2 - Device 123    
2,2,124,0,Loop 2 - Device 124    
2,2,124,1,Loop 2 - Device 124    
2,2,124,2,Loop 2 - Device 124    
2,2,124,3,Loop:2 Device:124/3    
2,2,124,4,Loop:2 Device:124/4    
2,2,125,0,Loop 2 - Device 125    
2,2,125,1,Loop 2 - Device 125    
2,2,125,2,Loop 2 - Device 125    
2,2,125,3,Loop:2 Device:125/3    
2,2,125,4,Loop:2 Device:125/4    
2,2,126,0,OUTSIDE STORE U-STAIRS 
2,2,126,1,OUTSIDE STORE U-STAIRS 
2,2,126,2,OUTSIDE STORE U-STAIRS 
2,2,126,3,Loop:2 Device:126/3    
2,2,126,4,Loop:2 Device:126/4    
2,3,1,0,R/H/S STAIRS           
2,3,1,1,R/H/S STAIRS           
2,3,1,2,R/H/S STAIRS           
2,3,1,3,Loop:3 Device:1/3      
2,3,1,4,Loop:3 Device:1/4      
2,3,2,0,R/H/S STAIRS INTERFACE 
2,3,2,1,R/H/S STAIRS INTERFACE 
2,3,2,2,R/H/S STAIRS INTERFACE 
2,3,2,3,R/H/S STAIRS INTERFACE 
2,3,2,4,R/H/S STAIRS INTERFACE 
2,3,3,0,Loop:3 Device:3/0      
2,3,3,1,Loop:3 Device:3/1      
2,3,3,2,Loop:3 Device:3/2      
2,3,3,3,Loop:3 Device:3/3      
2,3,3,4,Loop:3 Device:3/4      
2,3,5,0,CORRIDOR OUTSIDE BED 1 
2,3,5,1,CORRIDOR OUTSIDE BED 1 
2,3,5,2,CORRIDOR OUTSIDE BED 1 
2,3,5,3,Loop:3 Device:5/3      
2,3,5,4,Loop:3 Device:5/4      
2,3,6,0,CORRIDOR OUTSIDE BED 1 
2,3,6,1,CORRIDOR OUTSIDE BED 1 
2,3,6,2,CORRIDOR OUTSIDE BED 1 
2,3,6,3,Loop:3 Device:6/3      
2,3,6,4,Loop:3 Device:6/4      
2,3,7,0,BEDROOM 9              
2,3,7,1,BEDROOM 9              
2,3,7,2,BEDROOM 9              
2,3,7,3,BEDROOM 9              
2,3,7,4,BEDROOM 9              
2,3,8,0,BEDROOM 9              
2,3,8,1,BEDROOM 9              
2,3,8,2,BEDROOM 9              
2,3,8,3,Loop:3 Device:8/3      
2,3,8,4,Loop:3 Device:8/4      
2,3,9,0,BEDROOM 10             
2,3,9,1,BEDROOM 10             
2,3,9,2,BEDROOM 10             
2,3,9,3,Loop:3 Device:9/3      
2,3,9,4,Loop:3 Device:9/4      
2,3,10,0,BEDROOM 10             
2,3,10,1,BEDROOM 10             
2,3,10,2,BEDROOM 10             
2,3,10,3,BEDROOM 10             
2,3,10,4,BEDROOM 10             
2,3,11,0,SLUICE ROOM            
2,3,11,1,SLUICE ROOM            
2,3,11,2,SLUICE ROOM            
2,3,11,3,Loop:3 Device:11/3     
2,3,11,4,Loop:3 Device:11/4     
2,3,12,0,SLUICE ROOM            
2,3,12,1,SLUICE ROOM            
2,3,12,2,SLUICE ROOM            
2,3,12,3,Loop:3 Device:12/3     
2,3,12,4,Loop:3 Device:12/4     
2,3,14,0,ASSISTED BATHROOM      
2,3,14,1,ASSISTED BATHROOM      
2,3,14,2,ASSISTED BATHROOM      
2,3,14,3,Loop:3 Device:14/3     
2,3,14,4,Loop:3 Device:14/4     
2,3,15,0,IRONING ROOM           
2,3,15,1,IRONING ROOM           
2,3,15,2,IRONING ROOM           
2,3,15,3,Loop:3 Device:15/3     
2,3,15,4,Loop:3 Device:15/4     
2,3,16,0,STAFF ROOM             
2,3,16,1,STAFF ROOM             
2,3,16,2,STAFF ROOM             
2,3,16,3,Loop:3 Device:16/3     
2,3,16,4,Loop:3 Device:16/4     
2,3,17,0,PLANT ROOM IF          
2,3,17,1,PLANT ROOM IF          
2,3,17,2,PLANT ROOM IF          
2,3,17,3,PLANT ROOM IF          
2,3,17,4,PLANT ROOM IF          
2,3,18,0,PLANT ROOM             
2,3,18,1,PLANT ROOM             
2,3,18,2,PLANT ROOM             
2,3,18,3,Loop:3 Device:18/3     
2,3,18,4,Loop:3 Device:18/4     
2,3,19,0,BACK END STAIRCASE     
2,3,19,1,BACK END STAIRCASE     
2,3,19,2,BACK END STAIRCASE     
2,3,19,3,Loop:3 Device:19/3     
2,3,19,4,Loop:3 Device:19/4     
2,3,20,0,BACK END STAIRCASE     
2,3,20,1,BACK END STAIRCASE     
2,3,20,2,BACK END STAIRCASE     
2,3,20,3,Loop:3 Device:20/3     
2,3,20,4,Loop:3 Device:20/4     
2,3,21,0,BACK END STAIRCASE     
2,3,21,1,BACK END STAIRCASE     
2,3,21,2,BACK END STAIRCASE     
2,3,21,3,BACK END STAIRCASE     
2,3,21,4,BACK END STAIRCASE     
2,3,22,0,SHOW ROOM              
2,3,22,1,SHOW ROOM              
2,3,22,2,SHOW ROOM              
2,3,22,3,Loop:3 Device:22/3     
2,3,22,4,Loop:3 Device:22/4     
2,3,25,0,OUTSIDE LIFT           
2,3,25,1,OUTSIDE LIFT           
2,3,25,2,OUTSIDE LIFT           
2,3,25,3,Loop:3 Device:25/3     
2,3,25,4,Loop:3 Device:25/4     
2,3,26,0,CORRIDOR STAFF AREA    
2,3,26,1,CORRIDOR STAFF AREA    
2,3,26,2,CORRIDOR STAFF AREA    
2,3,26,3,Loop:3 Device:26/3     
2,3,26,4,Loop:3 Device:26/4     
2,3,27,0,CORRIDOR STAFF AREA    
2,3,27,1,CORRIDOR STAFF AREA    
2,3,27,2,CORRIDOR STAFF AREA    
2,3,27,3,Loop:3 Device:27/3     
2,3,27,4,Loop:3 Device:27/4     
2,3,28,0,Loop:3 Device:28/0     
2,3,28,1,Loop:3 Device:28/1     
2,3,28,2,Loop:3 Device:28/2     
2,3,28,3,Loop:3 Device:28/3     
2,3,28,4,Loop:3 Device:28/4     
2,3,31,0,CLEAN LAUNDRY          
2,3,31,1,CLEAN LAUNDRY          
2,3,31,2,CLEAN LAUNDRY          
2,3,31,3,Loop:3 Device:31/3     
2,3,31,4,Loop:3 Device:31/4     
2,3,34,0,DIRTY LAUNDRY          
2,3,34,1,DIRTY LAUNDRY          
2,3,34,2,DIRTY LAUNDRY          
2,3,34,3,Loop:3 Device:34/3     
2,3,34,4,Loop:3 Device:34/4     
2,3,37,0,MEDS ROOM IF           
2,3,37,1,MEDS ROOM IF           
2,3,37,2,MEDS ROOM IF           
2,3,37,3,MEDS ROOM IF           
2,3,37,4,MEDS ROOM IF           
2,3,38,0,MED ROOM               
2,3,38,1,MED ROOM               
2,3,38,2,MED ROOM               
2,3,38,3,Loop:3 Device:38/3     
2,3,38,4,Loop:3 Device:38/4     
2,3,40,0,OUTSIDE LIFT           
2,3,40,1,OUTSIDE LIFT           
2,3,40,2,OUTSIDE LIFT           
2,3,40,3,Loop:3 Device:40/3     
2,3,40,4,Loop:3 Device:40/4     
2,3,41,0,OUTSIDE LIFT           
2,3,41,1,OUTSIDE LIFT           
2,3,41,2,OUTSIDE LIFT           
2,3,41,3,Loop:3 Device:41/3     
2,3,41,4,Loop:3 Device:41/4     
2,3,42,0,BEDROOM 11             
2,3,42,1,BEDROOM 11             
2,3,42,2,BEDROOM 11             
2,3,42,3,Loop:3 Device:42/3     
2,3,42,4,Loop:3 Device:42/4     
2,3,43,0,BEDROOM 11             
2,3,43,1,BEDROOM 11             
2,3,43,2,BEDROOM 11             
2,3,43,3,BEDROOM 11             
2,3,43,4,BEDROOM 11             
2,3,45,0,BEDROOM 12             
2,3,45,1,BEDROOM 12             
2,3,45,2,BEDROOM 12             
2,3,45,3,Loop:3 Device:45/3     
2,3,45,4,Loop:3 Device:45/4     
2,3,46,0,BEDROOM 13             
2,3,46,1,BEDROOM 13             
2,3,46,2,BEDROOM 13             
2,3,46,3,Loop:3 Device:46/3     
2,3,46,4,Loop:3 Device:46/4     
2,3,47,0,Loop:3 Device:47/0     
2,3,47,1,Loop:3 Device:47/1     
2,3,47,2,Loop:3 Device:47/2     
2,3,47,3,Loop:3 Device:47/3     
2,3,47,4,Loop:3 Device:47/4     
2,3,48,0,L/H/S STAIRCASE        
2,3,48,1,L/H/S STAIRCASE        
2,3,48,2,L/H/S STAIRCASE        
2,3,48,3,L/H/S STAIRCASE        
2,3,48,4,L/H/S STAIRCASE        
2,3,49,0,Loop:3 Device:49/0     
2,3,49,1,Loop:3 Device:49/1     
2,3,49,2,Loop:3 Device:49/2     
2,3,49,3,Loop:3 Device:49/3     
2,3,49,4,Loop:3 Device:49/4     
2,3,52,0,BEDROOM 1              
2,3,52,1,BEDROOM 1              
2,3,52,2,BEDROOM 1              
2,3,52,3,BEDROOM 1              
2,3,52,4,BEDROOM 1              
2,3,53,0,BEDROOM 1              
2,3,53,1,BEDROOM 1              
2,3,53,2,BEDROOM 1              
2,3,53,3,Loop:3 Device:53/3     
2,3,53,4,Loop:3 Device:53/4     
2,3,54,0,BEDROOM 2              
2,3,54,1,BEDROOM 2              
2,3,54,2,BEDROOM 2              
2,3,54,3,Loop:3 Device:54/3     
2,3,54,4,Loop:3 Device:54/4     
2,3,55,0,BEDROOM 2              
2,3,55,1,BEDROOM 2              
2,3,55,2,BEDROOM 2              
2,3,55,3,BEDROOM 2              
2,3,55,4,BEDROOM 2              
2,3,56,0,BEDROOM 3              
2,3,56,1,BEDROOM 3              
2,3,56,2,BEDROOM 3              
2,3,56,3,Loop:3 Device:56/3     
2,3,56,4,Loop:3 Device:56/4     
2,3,57,0,BEDROOM 3              
2,3,57,1,BEDROOM 3              
2,3,57,2,BEDROOM 3              
2,3,57,3,BEDROOM 3              
2,3,57,4,BEDROOM 3              
2,3,58,0,BEDROOM 4              
2,3,58,1,BEDROOM 4              
2,3,58,2,BEDROOM 4              
2,3,58,3,BEDROOM 4              
2,3,58,4,BEDROOM 4              
2,3,59,0,BEDROOM 4              
2,3,59,1,BEDROOM 4              
2,3,59,2,BEDROOM 4              
2,3,59,3,Loop:3 Device:59/3     
2,3,59,4,Loop:3 Device:59/4     
2,3,60,0,CORRIDOR OUTSIDE BED 11
2,3,60,1,CORRIDOR OUTSIDE BED 11
2,3,60,2,CORRIDOR OUTSIDE BED 11
2,3,60,3,Loop:3 Device:60/3     
2,3,60,4,Loop:3 Device:60/4     
2,3,61,0,CORRIDOR OUTSIDE BED 11
2,3,61,1,CORRIDOR OUTSIDE BED 11
2,3,61,2,CORRIDOR OUTSIDE BED 11
2,3,61,3,Loop:3 Device:61/3     
2,3,61,4,Loop:3 Device:61/4     
2,3,62,0,CORRIDOR OUTSIDE BED 11
2,3,62,1,CORRIDOR OUTSIDE BED 11
2,3,62,2,CORRIDOR OUTSIDE BED 11
2,3,62,3,CORRIDOR OUTSIDE BED 11
2,3,62,4,CORRIDOR OUTSIDE BED 11
2,3,63,0,DAY ROOM               
2,3,63,1,DAY ROOM               
2,3,63,2,DAY ROOM               
2,3,63,3,Loop:3 Device:63/3     
2,3,63,4,Loop:3 Device:63/4     
2,3,64,0,DAY ROOM               
2,3,64,1,DAY ROOM               
2,3,64,2,DAY ROOM               
2,3,64,3,DAY ROOM               
2,3,64,4,DAY ROOM               
2,3,65,0,BEDROOM 5              
2,3,65,1,BEDROOM 5              
2,3,65,2,BEDROOM 5              
2,3,65,3,Loop:3 Device:65/3     
2,3,65,4,Loop:3 Device:65/4     
2,3,66,0,MENS STAFF TOILET      
2,3,66,1,MENS STAFF TOILET      
2,3,66,2,MENS STAFF TOILET      
2,3,66,3,Loop:3 Device:66/3     
2,3,66,4,Loop:3 Device:66/4     
2,3,67,0,CORRIDOR OUTSIDE BED 3 
2,3,67,1,CORRIDOR OUTSIDE BED 3 
2,3,67,2,CORRIDOR OUTSIDE BED 3 
2,3,67,3,CORRIDOR OUTSIDE BED 3 
2,3,67,4,CORRIDOR OUTSIDE BED 3 
2,3,68,0,BEDROOM 6              
2,3,68,1,BEDROOM 6              
2,3,68,2,BEDROOM 6              
2,3,68,3,BEDROOM 6              
2,3,68,4,BEDROOM 6              
2,3,69,0,BEDROOM 6              
2,3,69,1,BEDROOM 6              
2,3,69,2,BEDROOM 6              
2,3,69,3,Loop:3 Device:69/3     
2,3,69,4,Loop:3 Device:69/4     
2,3,70,0,CORRIDOR OUTSIDE BED 3 
2,3,70,1,CORRIDOR OUTSIDE BED 3 
2,3,70,2,CORRIDOR OUTSIDE BED 3 
2,3,70,3,Loop:3 Device:70/3     
2,3,70,4,Loop:3 Device:70/4     
2,3,71,0,CORRIDOR OUTSIDE BED 3 
2,3,71,1,CORRIDOR OUTSIDE BED 3 
2,3,71,2,CORRIDOR OUTSIDE BED 3 
2,3,71,3,Loop:3 Device:71/3     
2,3,71,4,Loop:3 Device:71/4     
2,3,72,0,BEDROOM 7              
2,3,72,1,BEDROOM 7              
2,3,72,2,BEDROOM 7              
2,3,72,3,Loop:3 Device:72/3     
2,3,72,4,Loop:3 Device:72/4     
2,3,73,0,BEDROOM 7              
2,3,73,1,BEDROOM 7              
2,3,73,2,BEDROOM 7              
2,3,73,3,BEDROOM 7              
2,3,73,4,BEDROOM 7              
2,3,74,0,BEDROOM 8              
2,3,74,1,BEDROOM 8              
2,3,74,2,BEDROOM 8              
2,3,74,3,BEDROOM 8              
2,3,74,4,BEDROOM 8              
2,3,75,0,BEDROOM 8              
2,3,75,1,BEDROOM 8              
2,3,75,2,BEDROOM 8              
2,3,75,3,Loop:3 Device:75/3     
2,3,75,4,Loop:3 Device:75/4     
2,3,77,0,COMMS ROOM             
2,3,77,1,COMMS ROOM             
2,3,77,2,COMMS ROOM             
2,3,77,3,Loop:3 Device:77/3     
2,3,77,4,Loop:3 Device:77/4     
2,3,82,0,STAFF ROOM             
2,3,82,1,STAFF ROOM             
2,3,82,2,STAFF ROOM             
2,3,82,3,Loop:3 Device:82/3     
2,3,82,4,Loop:3 Device:82/4     
2,3,83,0,STAFF CORRIDOR         
2,3,83,1,STAFF CORRIDOR         
2,3,83,2,STAFF CORRIDOR         
2,3,83,3,STAFF CORRIDOR         
2,3,83,4,STAFF CORRIDOR         
2,3,84,0,SHOWER ROOM            
2,3,84,1,SHOWER ROOM            
2,3,84,2,SHOWER ROOM            
2,3,84,3,Loop:3 Device:84/3     
2,3,84,4,Loop:3 Device:84/4     
2,3,87,0,Loop:3 Device:87/0     
2,3,87,1,Loop:3 Device:87/1     
2,3,87,2,Loop:3 Device:87/2     
2,3,87,3,Loop:3 Device:87/3     
2,3,87,4,Loop:3 Device:87/4     
2,3,90,0,Loop:3 Device:90/0     
2,3,90,1,Loop:3 Device:90/1     
2,3,90,2,Loop:3 Device:90/2     
2,3,90,3,Loop:3 Device:90/3     
2,3,90,4,Loop:3 Device:90/4     
2,3,91,0,Loop:3 Device:91/0     
2,3,91,1,Loop:3 Device:91/1     
2,3,91,2,Loop:3 Device:91/2     
2,3,91,3,Loop:3 Device:91/3     
2,3,91,4,Loop:3 Device:91/4     
2,3,92,0,Loop:3 Device:92/0     
2,3,92,1,Loop:3 Device:92/1     
2,3,92,2,Loop:3 Device:92/2     
2,3,92,3,Loop:3 Device:92/3     
2,3,92,4,Loop:3 Device:92/4     
2,3,93,0,Loop:3 Device:93/0     
2,3,93,1,Loop:3 Device:93/1     
2,3,93,2,Loop:3 Device:93/2     
2,3,93,3,Loop:3 Device:93/3     
2,3,93,4,Loop:3 Device:93/4     
2,3,95,0,Loop:3 Device:95/0     
2,3,95,1,Loop:3 Device:95/1     
2,3,95,2,Loop:3 Device:95/2     
2,3,95,3,Loop:3 Device:95/3     
2,3,95,4,Loop:3 Device:95/4     
2,3,96,0,COMMS CABINET          
2,3,96,1,COMMS CABINET          
2,3,96,2,COMMS CABINET          
2,3,96,3,COMMS CABINET          
2,3,96,4,COMMS CABINET          
2,3,97,0,BEDROOM 13             
2,3,97,1,BEDROOM 13             
2,3,97,2,BEDROOM 13             
2,3,97,3,BEDROOM 13             
2,3,97,4,BEDROOM 13             
2,3,99,0,L/H/S STORE ROOM       
2,3,99,1,L/H/S STORE ROOM       
2,3,99,2,L/H/S STORE ROOM       
2,3,99,3,Loop:3 Device:99/3     
2,3,99,4,Loop:3 Device:99/4     
2,3,100,0,Loop:3 Device:100/0    
2,3,100,1,Loop:3 Device:100/1    
2,3,100,2,Loop:3 Device:100/2    
2,3,100,3,Loop:3 Device:100/3    
2,3,100,4,Loop:3 Device:100/4    
2,3,101,0,BEDROOM 12             
2,3,101,1,BEDROOM 12             
2,3,101,2,BEDROOM 12             
2,3,101,3,BEDROOM 12             
2,3,101,4,BEDROOM 12             
2,3,102,0,L/H/S STAIRS           
2,3,102,1,L/H/S STAIRS           
2,3,102,2,L/H/S STAIRS           
2,3,102,3,Loop:3 Device:102/3    
2,3,102,4,Loop:3 Device:102/4    
2,3,103,0,Loop:3 Device:103/0    
2,3,103,1,Loop:3 Device:103/1    
2,3,103,2,Loop:3 Device:103/2    
2,3,103,3,Loop:3 Device:103/3    
2,3,103,4,Loop:3 Device:103/4    
2,3,104,0,CORRIDOR OUTSIDE BED 12
2,3,104,1,CORRIDOR OUTSIDE BED 12
2,3,104,2,CORRIDOR OUTSIDE BED 12
2,3,104,3,Loop:3 Device:104/3    
2,3,104,4,Loop:3 Device:104/4    
2,3,105,0,CORRIDOR OUTSIDE BED 12
2,3,105,1,CORRIDOR OUTSIDE BED 12
2,3,105,2,CORRIDOR OUTSIDE BED 12
2,3,105,3,Loop:3 Device:105/3    
2,3,105,4,Loop:3 Device:105/4    
2,3,125,0,Loop:3 Device:125/0    
2,3,125,1,Loop:3 Device:125/1    
2,3,125,2,Loop:3 Device:125/2    
2,3,125,3,Loop:3 Device:125/3    
2,3,125,4,Loop:3 Device:125/4    
2,4,1,0,LIFT SHAFT R/H/S       
2,4,1,1,LIFT SHAFT R/H/S       
2,4,1,2,LIFT SHAFT R/H/S       
2,4,1,3,Loop:4 Device:1/3      
2,4,1,4,Loop:4 Device:1/4      
2,4,2,0,LIFT SHAFT L/H/S       
2,4,2,1,LIFT SHAFT L/H/S       
2,4,2,2,LIFT SHAFT L/H/S       
2,4,2,3,Loop:4 Device:2/3      
2,4,2,4,Loop:4 Device:2/4      
2,4,3,0,Loop:4 Device:3/0      
2,4,3,1,Loop:4 Device:3/1      
2,4,3,2,Loop:4 Device:3/2      
2,4,3,3,Loop:4 Device:3/3      
2,4,3,4,Loop:4 Device:3/4      
2,4,4,0,R/H/S STAIRCASE        
2,4,4,1,R/H/S STAIRCASE        
2,4,4,2,R/H/S STAIRCASE        
2,4,4,3,R/H/S STAIRCASE        
2,4,4,4,R/H/S STAIRCASE        
2,4,5,0,BEDROOM 8              
2,4,5,1,BEDROOM 8              
2,4,5,2,BEDROOM 8              
2,4,5,3,BEDROOM 8              
2,4,5,4,BEDROOM 8              
2,4,6,0,BEDROOM 8              
2,4,6,1,BEDROOM 8              
2,4,6,2,BEDROOM 8              
2,4,6,3,Loop:4 Device:6/3      
2,4,6,4,Loop:4 Device:6/4      
2,4,7,0,CORRIDOR OUTSIDE BED 1 
2,4,7,1,CORRIDOR OUTSIDE BED 1 
2,4,7,2,CORRIDOR OUTSIDE BED 1 
2,4,7,3,Loop:4 Device:7/3      
2,4,7,4,Loop:4 Device:7/4      
2,4,8,0,CORRIDOR OUTSIDE BED 1 
2,4,8,1,CORRIDOR OUTSIDE BED 1 
2,4,8,2,CORRIDOR OUTSIDE BED 1 
2,4,8,3,Loop:4 Device:8/3      
2,4,8,4,Loop:4 Device:8/4      
2,4,9,0,BEDROOM 7              
2,4,9,1,BEDROOM 7              
2,4,9,2,BEDROOM 7              
2,4,9,3,BEDROOM 7              
2,4,9,4,BEDROOM 7              
2,4,10,0,BEDROOM 7              
2,4,10,1,BEDROOM 7              
2,4,10,2,BEDROOM 7              
2,4,10,3,Loop:4 Device:10/3     
2,4,10,4,Loop:4 Device:10/4     
2,4,11,0,BEDROOM 6              
2,4,11,1,BEDROOM 6              
2,4,11,2,BEDROOM 6              
2,4,11,3,BEDROOM 6              
2,4,11,4,BEDROOM 6              
2,4,12,0,BEDROOM 6              
2,4,12,1,BEDROOM 6              
2,4,12,2,BEDROOM 6              
2,4,12,3,Loop:4 Device:12/3     
2,4,12,4,Loop:4 Device:12/4     
2,4,13,0,CORRIDOR OUTSIDE BED 4 
2,4,13,1,CORRIDOR OUTSIDE BED 4 
2,4,13,2,CORRIDOR OUTSIDE BED 4 
2,4,13,3,Loop:4 Device:13/3     
2,4,13,4,Loop:4 Device:13/4     
2,4,14,0,CORRIDOR OUTSIDE BED 4 
2,4,14,1,CORRIDOR OUTSIDE BED 4 
2,4,14,2,CORRIDOR OUTSIDE BED 4 
2,4,14,3,Loop:4 Device:14/3     
2,4,14,4,Loop:4 Device:14/4     
2,4,15,0,BEDROOM 5              
2,4,15,1,BEDROOM 5              
2,4,15,2,BEDROOM 5              
2,4,15,3,BEDROOM 5              
2,4,15,4,BEDROOM 5              
2,4,16,0,BEDROOM 5              
2,4,16,1,BEDROOM 5              
2,4,16,2,BEDROOM 5              
2,4,16,3,Loop:4 Device:16/3     
2,4,16,4,Loop:4 Device:16/4     
2,4,17,0,LOUNGE DAY ROOM        
2,4,17,1,LOUNGE DAY ROOM        
2,4,17,2,LOUNGE DAY ROOM        
2,4,17,3,LOUNGE DAY ROOM        
2,4,17,4,LOUNGE DAY ROOM        
2,4,18,0,LOUNGE DAY ROOM        
2,4,18,1,LOUNGE DAY ROOM        
2,4,18,2,LOUNGE DAY ROOM        
2,4,18,3,Loop:4 Device:18/3     
2,4,18,4,Loop:4 Device:18/4     
2,4,19,0,OUTSIDE RHS LIFT       
2,4,19,1,OUTSIDE RHS LIFT       
2,4,19,2,OUTSIDE RHS LIFT       
2,4,19,3,Loop:4 Device:19/3     
2,4,19,4,Loop:4 Device:19/4     
2,4,20,0,OUTSIDE RHS LIFT       
2,4,20,1,OUTSIDE RHS LIFT       
2,4,20,2,OUTSIDE RHS LIFT       
2,4,20,3,Loop:4 Device:20/3     
2,4,20,4,Loop:4 Device:20/4     
2,4,21,0,Loop 4 - Device  21    
2,4,21,1,Loop 4 - Device  21    
2,4,21,2,Loop 4 - Device  21    
2,4,21,3,Loop:4 Device:21/3     
2,4,21,4,Loop:4 Device:21/4     
2,4,22,0,BEDROOM 4              
2,4,22,1,BEDROOM 4              
2,4,22,2,BEDROOM 4              
2,4,22,3,BEDROOM 4              
2,4,22,4,BEDROOM 4              
2,4,23,0,BEDROOM 4              
2,4,23,1,BEDROOM 4              
2,4,23,2,BEDROOM 4              
2,4,23,3,Loop:4 Device:23/3     
2,4,23,4,Loop:4 Device:23/4     
2,4,24,0,CORRIDOR OUTSIDE KITCHEN
2,4,24,1,CORRIDOR OUTSIDE KITCHEN
2,4,24,2,CORRIDOR OUTSIDE KITCHEN
2,4,24,3,Loop:4 Device:24/3     
2,4,24,4,Loop:4 Device:24/4     
2,4,25,0,CORRIDOR OUTSIDE KITHCEN
2,4,25,1,CORRIDOR OUTSIDE KITHCEN
2,4,25,2,CORRIDOR OUTSIDE KITHCEN
2,4,25,3,Loop:4 Device:25/3     
2,4,25,4,Loop:4 Device:25/4     
2,4,26,0,BEDROOM 3              
2,4,26,1,BEDROOM 3              
2,4,26,2,BEDROOM 3              
2,4,26,3,BEDROOM 3              
2,4,26,4,BEDROOM 3              
2,4,27,0,BEDROOM 3              
2,4,27,1,BEDROOM 3              
2,4,27,2,BEDROOM 3              
2,4,27,3,Loop:4 Device:27/3     
2,4,27,4,Loop:4 Device:27/4     
2,4,28,0,Loop 4 - Device  28    
2,4,28,1,Loop 4 - Device  28    
2,4,28,2,Loop 4 - Device  28    
2,4,28,3,Loop 4 - Device  28    
2,4,28,4,Loop 4 - Device  28    
2,4,29,0,BEDROOM 2              
2,4,29,1,BEDROOM 2              
2,4,29,2,BEDROOM 2              
2,4,29,3,Loop:4 Device:29/3     
2,4,29,4,Loop:4 Device:29/4     
2,4,30,0,CORRIDOR OUTSIDE BED 12
2,4,30,1,CORRIDOR OUTSIDE BED 12
2,4,30,2,CORRIDOR OUTSIDE BED 12
2,4,30,3,Loop:4 Device:30/3     
2,4,30,4,Loop:4 Device:30/4     
2,4,31,0,CORRIDOR OUTSIDE BED 12
2,4,31,1,CORRIDOR OUTSIDE BED 12
2,4,31,2,CORRIDOR OUTSIDE BED 12
2,4,31,3,Loop:4 Device:31/3     
2,4,31,4,Loop:4 Device:31/4     
2,4,32,0,BEDROOM 1              
2,4,32,1,BEDROOM 1              
2,4,32,2,BEDROOM 1              
2,4,32,3,BEDROOM 1              
2,4,32,4,BEDROOM 1              
2,4,33,0,BEDROOM 1              
2,4,33,1,BEDROOM 1              
2,4,33,2,BEDROOM 1              
2,4,33,3,Loop:4 Device:33/3     
2,4,33,4,Loop:4 Device:33/4     
2,4,34,0,L/H/S STORE ROOM       
2,4,34,1,L/H/S STORE ROOM       
2,4,34,2,L/H/S STORE ROOM       
2,4,34,3,Loop:4 Device:34/3     
2,4,34,4,Loop:4 Device:34/4     
2,4,35,0,L/H/S STAIRCASE        
2,4,35,1,L/H/S STAIRCASE        
2,4,35,2,Loop:4 Device:35/2     
2,4,35,3,Loop:4 Device:35/3     
2,4,35,4,Loop:4 Device:35/4     
2,4,36,0,L/H/S STAIRCASE        
2,4,36,1,L/H/S STAIRCASE        
2,4,36,2,L/H/S STAIRCASE        
2,4,36,3,L/H/S STAIRCASE        
2,4,36,4,L/H/S STAIRCASE        
2,4,37,0,L/H/S STAIRCASE        
2,4,37,1,L/H/S STAIRCASE        
2,4,37,2,L/H/S STAIRCASE        
2,4,37,3,Loop:4 Device:37/3     
2,4,37,4,Loop:4 Device:37/4     
2,4,38,0,L/H/S STAIRCASE        
2,4,38,1,L/H/S STAIRCASE        
2,4,38,2,L/H/S STAIRCASE        
2,4,38,3,Loop:4 Device:38/3     
2,4,38,4,Loop:4 Device:38/4     
2,4,39,0,L/H/S STAIRCASE STORE RM
2,4,39,1,L/H/S STAIRCASE STORE RM
2,4,39,2,L/H/S STAIRCASE STORE RM
2,4,39,3,Loop:4 Device:39/3     
2,4,39,4,Loop:4 Device:39/4     
2,4,40,0,BEDROOM 13             
2,4,40,1,BEDROOM 13             
2,4,40,2,BEDROOM 13             
2,4,40,3,BEDROOM 13             
2,4,40,4,BEDROOM 13             
2,4,41,0,BEDROOM 13             
2,4,41,1,BEDROOM 13             
2,4,41,2,BEDROOM 13             
2,4,41,3,Loop:4 Device:41/3     
2,4,41,4,Loop:4 Device:41/4     
2,4,42,0,BEDROOM 12             
2,4,42,1,BEDROOM 12             
2,4,42,2,BEDROOM 12             
2,4,42,3,BEDROOM 12             
2,4,42,4,BEDROOM 12             
2,4,43,0,BEDROOM 12             
2,4,43,1,BEDROOM 12             
2,4,43,2,BEDROOM 12             
2,4,43,3,Loop:4 Device:43/3     
2,4,43,4,Loop:4 Device:43/4     
2,4,44,0,KITCHEN MAGLOCK        
2,4,44,1,KITCHEN MAGLOCK        
2,4,44,2,KITCHEN MAGLOCK        
2,4,44,3,KITCHEN MAGLOCK        
2,4,44,4,KITCHEN MAGLOCK        
2,4,45,0,KITCHEN                
2,4,45,1,KITCHEN                
2,4,45,2,KITCHEN                
2,4,45,3,Loop:4 Device:45/3     
2,4,45,4,Loop:4 Device:45/4     
2,4,46,0,OFFICE                 
2,4,46,1,OFFICE                 
2,4,46,2,OFFICE                 
2,4,46,3,Loop:4 Device:46/3     
2,4,46,4,Loop:4 Device:46/4     
2,4,47,0,ASSISTED BATHROOM      
2,4,47,1,ASSISTED BATHROOM      
2,4,47,2,ASSISTED BATHROOM      
2,4,47,3,Loop:4 Device:47/3     
2,4,47,4,Loop:4 Device:47/4     
2,4,48,0,SLUICE ROOM            
2,4,48,1,SLUICE ROOM            
2,4,48,2,SLUICE ROOM            
2,4,48,3,Loop:4 Device:48/3     
2,4,48,4,Loop:4 Device:48/4     
2,4,49,0,MEDS ROOM              
2,4,49,1,MEDS ROOM              
2,4,49,2,MEDS ROOM              
2,4,49,3,Loop:4 Device:49/3     
2,4,49,4,Loop:4 Device:49/4     
2,4,50,0,BEDROOM 11             
2,4,50,1,BEDROOM 11             
2,4,50,2,BEDROOM 11             
2,4,50,3,Loop:4 Device:50/3     
2,4,50,4,Loop:4 Device:50/4     
2,4,51,0,BEDROOM 11             
2,4,51,1,BEDROOM 11             
2,4,51,2,BEDROOM 11             
2,4,51,3,BEDROOM 11             
2,4,51,4,BEDROOM 11             
2,4,52,0,BEDROOM 10             
2,4,52,1,BEDROOM 10             
2,4,52,2,BEDROOM 10             
2,4,52,3,Loop:4 Device:52/3     
2,4,52,4,Loop:4 Device:52/4     
2,4,53,0,BEDROOM 10             
2,4,53,1,BEDROOM 10             
2,4,53,2,BEDROOM 10             
2,4,53,3,BEDROOM 10             
2,4,53,4,BEDROOM 10             
2,4,54,0,BEDROOM 9              
2,4,54,1,BEDROOM 9              
2,4,54,2,BEDROOM 9              
2,4,54,3,Loop:4 Device:54/3     
2,4,54,4,Loop:4 Device:54/4     
2,4,55,0,BEDROOM 9              
2,4,55,1,BEDROOM 9              
2,4,55,2,BEDROOM 9              
2,4,55,3,BEDROOM 9              
2,4,55,4,BEDROOM 9              
2,4,56,0,R/H/S STORE ROOM       
2,4,56,1,R/H/S STORE ROOM       
2,4,56,2,R/H/S STORE ROOM       
2,4,56,3,Loop:4 Device:56/3     
2,4,56,4,Loop:4 Device:56/4     
2,4,58,0,Loop:4 Device:58/0     
2,4,58,1,Loop:4 Device:58/1     
2,4,58,2,Loop:4 Device:58/2     
2,4,58,3,Loop:4 Device:58/3     
2,4,58,4,Loop:4 Device:58/4     
2,4,59,0,R/H/S STAIRCASE        
2,4,59,1,R/H/S STAIRCASE        
2,4,59,2,R/H/S STAIRCASE        
2,4,59,3,Loop:4 Device:59/3     
2,4,59,4,Loop:4 Device:59/4     
2,4,60,0,R/H/S CORRIDOR         
2,4,60,1,R/H/S CORRIDOR         
2,4,60,2,R/H/S CORRIDOR         
2,4,60,3,Loop:4 Device:60/3     
2,4,60,4,Loop:4 Device:60/4     
2,4,61,0,L/H/S CORRIDOR         
2,4,61,1,L/H/S CORRIDOR         
2,4,61,2,L/H/S CORRIDOR         
2,4,61,3,L/H/S CORRIDOR         
2,4,61,4,L/H/S CORRIDOR         
2,4,62,0,AC UNIT SHUTDOWN       
2,4,62,1,AC UNIT SHUTDOWN       
2,4,62,2,AC UNIT SHUTDOWN       
2,4,62,3,AC UNIT SHUTDOWN       
2,4,62,4,AC UNIT SHUTDOWN       
2,4,63,0,Loop:4 Device:63/0     
2,4,63,1,Loop:4 Device:63/1     
2,4,63,2,Loop:4 Device:63/2     
2,4,63,3,Loop:4 Device:63/3     
2,4,63,4,Loop:4 Device:63/4     
2,END,1,20114
150,BEGIN,1
150,1,0,"One out All out","C & E Block"
150,2,1,"All Input Device","Input Group",2,1
150,3,2,"Activated","Input Group State",2
150,4,3,"ON","Action",1
150,5,4,"All Output Devic","Output Object",4,1
150,6,0,"Monitored I/Ps","C & E Block"
150,7,1,"Class Change","Input Group",2,2
150,8,2,"Activated","Input Group State",2
150,9,3,"ON","Action",1
150,10,4,"All Output Devic","Output Object",4,1
150,11,1,"Alert","Input Group",2,3
150,12,2,"Activated","Input Group State",2
150,13,3,"Simple Pulse","Action",2
150,14,4,"All Output Devic","Output Object",4,1
150,15,0,"Relays","C & E Block"
150,16,1,"All Input Device","Input Group",2,1
150,17,2,"Activated","Input Group State",2
150,18,3,"ON","Action",1
150,19,4,"Relay 1","Output Object",4,2
150,20,4,"Relay 2","Output Object",4,3
150,END,1,56534
300,BEGIN,1
300,1,"\images\logo.gif"
300,2,0,48,71,73,70,56,57,97,76,0,108,0,179,0,0,0,255,0,255,255,255,32,32,64,96,32,64,224,32,64,160,32,64,96,96,64,160,128,128,255,251,240,64,64,64,192,192,192,128,128,
300,2,48,48,128,160,160,164,255,255,255,255,255,255,255,255,255,33,249,4,1,0,0,0,0,44,0,0,0,0,76,0,108,0,0,4,255,16,200,73,65,18,56,235,205,187,255,158,81,141,164,145,
300,2,96,48,13,104,170,174,108,235,190,110,38,146,149,89,16,120,174,239,124,239,255,64,221,64,48,163,9,6,193,164,114,169,28,26,111,204,168,52,90,16,140,4,208,169,118,235,171,82,12,72,
300,2,144,48,174,120,140,27,20,5,228,180,216,10,48,100,213,112,166,25,128,142,219,153,214,250,125,15,20,92,248,99,43,74,24,97,128,83,9,8,1,138,138,10,111,61,67,133,134,75,2,137,
300,2,192,48,139,150,8,65,144,146,75,3,149,150,159,12,64,154,155,64,5,12,159,168,139,142,66,71,164,93,6,169,177,1,145,59,163,174,58,9,178,178,122,60,182,183,157,186,178,6,63,190,
300,2,240,48,155,166,193,186,195,62,197,134,11,200,193,11,196,173,155,185,207,193,7,210,180,119,192,214,11,67,177,216,203,211,123,199,214,8,133,2,169,225,143,227,113,5,7,214,138,202,57,5,
300,2,288,48,234,217,119,213,214,7,171,3,246,226,218,107,60,33,83,0,144,0,44,84,235,122,181,19,51,64,65,188,115,64,14,126,74,88,107,161,150,2,206,226,37,72,34,209,18,69,86,5,
300,2,336,48,255,153,228,123,182,96,85,143,142,139,62,230,96,38,199,161,53,130,76,80,42,218,248,239,34,188,120,33,187,160,82,32,202,98,146,145,200,230,73,121,183,40,90,207,156,189,4,94,
300,2,384,48,51,185,135,101,15,162,230,144,218,113,186,67,166,46,154,183,8,80,197,1,20,26,83,73,84,11,184,124,6,51,43,200,101,15,165,130,245,73,64,169,48,179,53,121,116,85,247,213,
300,2,432,48,44,203,177,178,212,254,242,137,55,149,222,189,0,251,162,250,235,138,165,213,79,88,225,178,3,88,15,25,68,197,10,11,30,70,197,160,110,97,182,6,227,149,132,92,6,179,86,183,
300,2,480,48,178,18,219,245,140,35,227,179,199,163,213,54,140,87,57,181,200,120,1,54,95,38,140,17,182,232,161,41,146,108,93,38,88,22,106,42,159,132,70,222,130,40,222,62,41,130,67,238,
300,2,528,48,14,50,247,45,167,84,70,23,143,169,173,81,201,92,149,157,9,255,40,71,22,169,85,236,90,73,71,225,70,242,235,247,123,113,138,91,187,141,227,124,92,59,205,83,253,110,239,79,
300,2,576,48,58,57,211,200,142,231,112,111,159,15,212,103,110,224,112,211,255,68,232,25,178,90,55,248,121,84,32,88,160,193,6,222,114,233,193,134,208,130,164,80,39,97,0,15,138,71,206,41,
300,2,624,48,18,102,168,93,28,228,1,72,33,92,147,161,194,94,118,156,173,212,224,39,95,65,72,74,137,1,8,87,209,135,128,28,72,89,38,26,102,53,0,135,139,200,56,92,138,93,160,128,
300,2,672,48,69,19,57,2,169,91,145,70,30,149,36,25,46,46,153,77,1,80,70,41,229,148,84,86,105,229,149,88,102,89,229,16,32,116,233,229,151,96,134,73,196,133,100,150,9,155,9,48,
300,2,720,48,154,169,38,153,104,174,233,230,155,49,142,9,231,156,108,202,121,205,6,3,162,98,192,158,124,246,185,167,60,126,242,153,138,2,38,200,224,86,155,201,120,176,75,151,138,124,240,9,
300,2,768,48,2,33,232,105,103,42,25,228,25,0,143,193,96,64,105,58,186,48,128,129,122,138,32,112,232,164,136,105,106,166,169,159,160,42,31,6,152,38,122,152,2,170,146,25,107,163,156,198,
300,2,816,48,130,65,130,174,218,42,128,165,23,206,26,128,175,161,2,27,11,162,168,8,27,143,175,194,154,16,95,42,196,166,90,235,188,169,207,46,130,193,1,212,86,203,225,180,103,146,202,136,
300,2,864,48,177,214,32,219,193,65,24,244,38,140,182,1,192,26,109,42,12,164,171,110,177,231,254,218,46,173,188,230,186,41,50,28,176,59,175,174,184,202,203,238,138,221,182,43,236,2,220,34,
300,2,912,48,70,71,44,23,188,123,172,191,6,187,203,111,170,3,175,42,64,171,18,122,123,85,192,210,210,33,46,192,2,228,219,239,189,139,82,50,16,27,6,99,236,199,2,7,20,186,49,187,
300,2,960,48,29,140,5,169,12,212,154,144,32,27,22,251,86,240,6,39,59,155,242,68,223,90,226,41,5,9,47,162,128,184,116,198,130,128,184,48,79,208,115,208,115,22,205,51,208,72,187,9,
300,2,1008,31,43,13,18,144,219,244,154,23,64,205,115,198,76,79,29,140,2,24,91,109,132,152,96,135,157,129,213,17,0,0,59,
300,3,58144
300,END,1,3179
301,BEGIN,1
301,1,"\Client.txt"
301,2,0,13,"Object Client"
301,2,1,6,"Name ="
301,2,2,12,"Memo Address"
301,2,3,8,"End Memo"
301,2,4,11,"Post Code ="
301,2,5,10,"Tel. No. ="
301,2,6,10,"End Object"
301,3,6099
301,END,1,12966
301,BEGIN,1
301,1,"\Installr.txt"
301,2,0,16,"Object Installer"
301,2,1,6,"Name ="
301,2,2,12,"Memo Address"
301,2,3,8,"End Memo"
301,2,4,11,"Post Code ="
301,2,5,10,"Tel. No. ="
301,2,6,10,"End Object"
301,3,6434
301,END,1,13536
301,BEGIN,1
301,1,"\SNotes.txt"
301,2,0,15,"Memo Site Notes"
301,2,1,8,"End Memo"
301,3,2096
301,END,1,5919
