
dave, this one, when retreived, should result in Input Group 1 having the 'Output Delays applys to detectors' checked
because of this '1'	                     \/    but it is not checked
14,BEGIN,1
14,1,1,0,0,1,0,0,1,0,0,1,0,0,0,0,0,0,0,1,0,0,0,0,0,0,0,0,0,0,0
14,2,1,0,0,1,0,0,1,0,0,1,0,0,0,0,0,1,0,1,1,0,0,0,0,0,0,0,0,0,0
14,3,1,0,0,1,0,0,1,0,0,1,0,0,0,0,0,1,1,1,1,0,0,0,0,0,0,0,0,0,0
14,4,1,0,0,1,0,0,1,0,0,1,0,0,0,0,0,1,0,1,1,0,0,0,0,0,0,0,0,0,0
14,5,1,0,0,1,0,0,1,0,0,1,0,0,0,0,0,1,0,1,1,0,0,0,0,0,0,0,0,0,0
14,6,1,0,0,1,0,0,1,0,0,1,0,0,0,0,0,1,0,1,1,0,0,0,0,0,0,0,0,0,0
14,7,1,0,0,1,0,0,1,0,0,1,0,0,0,0,0,1,0,1,1,0,0,0,0,0,0,0,0,0,0
14,END,1,21158


dave, this one, when retreived, should result in Input Group 1 having the 'MCP qualifies Depencencies' ONLY checked, which it does,
because of this '1'	                        \/    but in fact 'Output Delays applys to detectors' is also checked!

14,BEGIN,1
14,1,1,0,0,1,0,0,1,0,0,1,0,0,0,0,0,0,0,0,1,0,0,0,0,0,0,0,0,0,0
14,2,1,0,0,1,0,0,1,0,0,1,0,0,0,0,0,1,0,1,1,0,0,0,0,0,0,0,0,0,0
14,3,1,0,0,1,0,0,1,0,0,1,0,0,0,0,0,1,1,1,1,0,0,0,0,0,0,0,0,0,0
14,4,1,0,0,1,0,0,1,0,0,1,0,0,0,0,0,1,0,1,1,0,0,0,0,0,0,0,0,0,0
14,5,1,0,0,1,0,0,1,0,0,1,0,0,0,0,0,1,0,1,1,0,0,0,0,0,0,0,0,0,0
14,6,1,0,0,1,0,0,1,0,0,1,0,0,0,0,0,1,0,1,1,0,0,0,0,0,0,0,0,0,0
14,7,1,0,0,1,0,0,1,0,0,1,0,0,0,0,0,1,0,1,1,0,0,0,0,0,0,0,0,0,0
14,END,1,21158
