18,BEGIN,1
18,1,RECP DOOR RELEAS,0,1,2,
18,2,RECP DOOR LOCK ,0,1,2,
18,3,C.R. RM BEACON ,0,1,2,
18,4,DIS WC BEACONS ,0,1,2,
18,5,KIOSK 2 RS     ,0,1,2,
18,6,KIOSK 3 RS     ,0,1,2,
18,7,Other I/F      ,0,1,2,
18,8,SOUTH DOOR HOLD,0,1,2,
18,9,LIFT 1 S.E     ,0,1,2,
18,10,MONITOR STATION,0,1,2,
18,11,KIOSK 4 RS     ,0,1,2,
18,12,KIOSK 5 RS     ,0,1,2,
18,13,KIOSK 6 RS     ,0,1,2,
18,14,KIOSK 7 RS     ,0,1,2,
18,15,KIOSK 8 RS     ,0,1,2,
18,16,KIOSK 1 RS     ,0,1,2,
18,17,KIOSK 9 RS     ,0,1,2,
18,18,LIFT 2 S.      ,0,1,2,
18,19,BOLLARDS       ,0,1,2,
18,20,ALERT MESSAGE  ,0,1,2,
18,21,EVAC MESSAGE   ,0,1,
18,22,Kit. Gas Shut. ,0,1,2,
18,23,LIFT 3 S.      ,0,1,2,
18,24,LIFT 4 S.W     ,0,1,2,
18,25,General Door Rel,0,1,2,
18,26,LIFT 5 W.      ,0,1,2,
18,27,KIOSK 10 RS    ,0,1,2,
18,28,KIOSK 11 RS    ,0,1,2,
18,29,LIFT 6 N.      ,0,1,2,
18,30,Type B Dep Test,0,1,2,
18,31,Mon I/P 1 test ,0,1,2,
18,32,Mon I/P 2 test ,0,1,2,
18,104,BMS PLANT      ,0,1,2,
18,105,AIR HANDLING   ,0,1,2,
18,106,PLANT GF       ,0,1,2,
18,END,1,55134
19,BEGIN,1
19,641,Evac with Voice,0,1,2,
19,642,1st Stage Match,0,1,2,
19,643,1st Stage Non-Ma,0,1,2,
19,644,2nd Stage Match,0,1,2,
19,645,2nd Stage Non-Ma,0,1,2,
19,646,1st Stage MCPs ,0,1,2,
19,647,All Kiosk RS Doo,0,1,2,
19,648,BMS            ,0,1,2,
19,649,Weekly Test    ,0,1,2,
19,650,LIFTS          ,0,1,2,
19,END,1,19509
15,BEGIN,1
15,1,0,1,0
15,2,0,1,0
15,3,1,1,0
15,4,0,1,0
15,5,0,1,0
15,6,0,1,0
15,7,0,1,0
15,8,0,1,0
15,9,1,1,0
15,10,1,1,0
15,11,0,1,0
15,12,0,1,0
15,13,0,1,0
15,14,0,1,0
15,15,1,1,0
15,16,0,1,0
15,17,0,1,0
15,18,1,1,0
15,19,0,1,0
15,20,1,1,0
15,21,1,1,0
15,22,0,1,0
15,23,1,1,0
15,24,1,1,0
15,25,0,1,0
15,26,1,1,0
15,27,1,1,0
15,28,1,1,0
15,29,1,1,0
15,30,1,1,0
15,31,1,1,0
15,32,1,0,0
15,104,0,1,0
15,105,0,1,0
15,106,0,1,0
15,END,1,19144
16,BEGIN,1
16,641,1,3,4,7,8,10,20,21,650,
16,642,3,10,25,
16,643,3,10,25,20,650,
16,644,1,3,7,8,10,25,19,9,18,23,24,26,647,
16,645,1,3,4,7,8,10,21,25,650,648,
16,646,3,10,25,
16,647,5,6,12,13,14,15,16,17,11,27,28,
16,648,104,105,106,22,
16,649,19,647,648,
16,650,9,18,23,24,26,29,
16,END,1,13657
